25 0 1 00000 00000000
89 4 3 00000 00000001
99 0 1 00100 00000000
163 4 3 00100 00000001
192 0 1 00001 00000000
256 4 3 00001 00000001
266 0 1 00110 00000000
330 4 3 00110 00000001
359 0 1 00002 00000000
423 4 3 00002 00000001
433 0 1 00120 00000000
497 4 3 00120 00000001
526 0 1 00003 00000000
590 4 3 00003 00000001
600 0 1 00130 00000000
664 4 3 00130 00000001
693 0 1 00004 00000000
757 4 3 00004 00000001
767 0 1 00140 00000000
831 4 3 00140 00000001
860 0 1 00005 00000000
924 4 3 00005 00000001
934 0 1 00150 00000000
998 4 3 00150 00000001
1027 0 1 00006 00000000
1091 4 3 00006 00000001
1101 0 1 00160 00000000
1165 4 3 00160 00000001
1194 0 1 00007 00000000
1258 4 3 00007 00000001
1268 0 1 00170 00000000
1332 4 3 00170 00000001
1361 0 1 00008 00000000
1425 4 3 00008 00000001
1435 0 1 00180 00000000
1499 4 3 00180 00000001
1528 0 1 00009 00000000
1592 4 3 00009 00000001
1602 0 1 00190 00000000
1666 4 3 00190 00000001
1695 0 1 0000A 00000000
1759 4 3 0000A 00000001
1769 0 1 001A0 00000000
1833 4 3 001A0 00000001
1862 0 1 0000B 00000000
1926 4 3 0000B 00000001
1936 0 1 001B0 00000000
2000 4 3 001B0 00000001
2029 0 1 0000C 00000000
2093 4 3 0000C 00000001
2103 0 1 001C0 00000000
2167 4 3 001C0 00000001
2196 0 1 0000D 00000000
2260 4 3 0000D 00000001
2270 0 1 001D0 00000000
2334 4 3 001D0 00000001
2363 0 1 0000E 00000000
2427 4 3 0000E 00000001
2437 0 1 001E0 00000000
2501 4 3 001E0 00000001
2530 0 1 0000F 00000000
2594 4 3 0000F 00000001
2604 0 1 001F0 00000000
2668 4 3 001F0 00000001
2688 0 2 00200 00000000
2752 4 3 00200 00000000
2776 0 3 00200 00000010
2778 0 1 00000 00000000
2842 4 3 00000 00000001
2852 0 1 00101 00000000
2916 4 3 00101 00000001
2945 0 1 00001 00000000
3009 4 3 00001 00000001
3019 0 1 00111 00000000
3083 4 3 00111 00000001
3118 0 1 00121 00000000
3182 4 3 00121 00000001
3217 0 1 00131 00000000
3281 4 3 00131 00000001
3316 0 1 00141 00000000
3380 4 3 00141 00000001
3415 0 1 00151 00000000
3479 4 3 00151 00000001
3514 0 1 00161 00000000
3578 4 3 00161 00000001
3613 0 1 00171 00000000
3677 4 3 00171 00000001
3712 0 1 00181 00000000
3776 4 3 00181 00000001
3811 0 1 00191 00000000
3875 4 3 00191 00000001
3910 0 1 001A1 00000000
3974 4 3 001A1 00000001
4009 0 1 001B1 00000000
4073 4 3 001B1 00000001
4108 0 1 001C1 00000000
4172 4 3 001C1 00000001
4207 0 1 001D1 00000000
4271 4 3 001D1 00000001
4306 0 1 001E1 00000000
4370 4 3 001E1 00000001
4405 0 1 001F1 00000000
4469 4 3 001F1 00000001
4489 0 2 00201 00000000
4553 4 3 00201 00000000
4583 0 1 00102 00000000
4647 4 3 00102 00000001
4676 0 3 00201 00000010
4678 0 1 00001 00000000
4742 4 3 00001 00000001
4752 0 1 00112 00000000
4816 4 3 00112 00000001
4845 0 1 00002 00000000
4909 4 3 00002 00000001
4919 0 1 00122 00000000
4983 4 3 00122 00000001
5018 0 1 00132 00000000
5082 4 3 00132 00000001
5117 0 1 00142 00000000
5181 4 3 00142 00000001
5216 0 1 00152 00000000
5280 4 3 00152 00000001
5315 0 1 00162 00000000
5379 4 3 00162 00000001
5414 0 1 00172 00000000
5478 4 3 00172 00000001
5513 0 1 00182 00000000
5577 4 3 00182 00000001
5612 0 1 00192 00000000
5676 4 3 00192 00000001
5711 0 1 001A2 00000000
5775 4 3 001A2 00000001
5810 0 1 001B2 00000000
5874 4 3 001B2 00000001
5909 0 1 001C2 00000000
5973 4 3 001C2 00000001
6008 0 1 001D2 00000000
6072 4 3 001D2 00000001
6107 0 1 001E2 00000000
6171 4 3 001E2 00000001
6206 0 1 001F2 00000000
6270 4 3 001F2 00000001
6290 0 2 00202 00000000
6354 4 3 00202 00000000
6384 0 1 00103 00000000
6448 4 3 00103 00000001
6483 0 1 00113 00000000
6547 4 3 00113 00000001
6576 0 3 00202 00000010
6578 0 1 00002 00000000
6642 4 3 00002 00000001
6652 0 1 00123 00000000
6716 4 3 00123 00000001
6745 0 1 00003 00000000
6809 4 3 00003 00000001
6819 0 1 00133 00000000
6883 4 3 00133 00000001
6918 0 1 00143 00000000
6982 4 3 00143 00000001
7017 0 1 00153 00000000
7081 4 3 00153 00000001
7116 0 1 00163 00000000
7180 4 3 00163 00000001
7215 0 1 00173 00000000
7279 4 3 00173 00000001
7314 0 1 00183 00000000
7378 4 3 00183 00000001
7413 0 1 00193 00000000
7477 4 3 00193 00000001
7512 0 1 001A3 00000000
7576 4 3 001A3 00000001
7611 0 1 001B3 00000000
7675 4 3 001B3 00000001
7710 0 1 001C3 00000000
7774 4 3 001C3 00000001
7809 0 1 001D3 00000000
7873 4 3 001D3 00000001
7908 0 1 001E3 00000000
7972 4 3 001E3 00000001
8007 0 1 001F3 00000000
8071 4 3 001F3 00000001
8091 0 2 00203 00000000
8155 4 3 00203 00000000
8185 0 1 00104 00000000
8249 4 3 00104 00000001
8284 0 1 00114 00000000
8348 4 3 00114 00000001
8383 0 1 00124 00000000
8447 4 3 00124 00000001
8476 0 3 00203 00000010
8478 0 1 00003 00000000
8542 4 3 00003 00000001
8552 0 1 00134 00000000
8616 4 3 00134 00000001
8645 0 1 00004 00000000
8709 4 3 00004 00000001
8719 0 1 00144 00000000
8783 4 3 00144 00000001
8818 0 1 00154 00000000
8882 4 3 00154 00000001
8917 0 1 00164 00000000
8981 4 3 00164 00000001
9016 0 1 00174 00000000
9080 4 3 00174 00000001
9115 0 1 00184 00000000
9179 4 3 00184 00000001
9214 0 1 00194 00000000
9278 4 3 00194 00000001
9313 0 1 001A4 00000000
9377 4 3 001A4 00000001
9412 0 1 001B4 00000000
9476 4 3 001B4 00000001
9511 0 1 001C4 00000000
9575 4 3 001C4 00000001
9610 0 1 001D4 00000000
9674 4 3 001D4 00000001
9709 0 1 001E4 00000000
9773 4 3 001E4 00000001
9808 0 1 001F4 00000000
9872 4 3 001F4 00000001
9892 0 2 00204 00000000
9956 4 3 00204 00000000
9986 0 1 00105 00000000
10050 4 3 00105 00000001
10085 0 1 00115 00000000
10149 4 3 00115 00000001
10184 0 1 00125 00000000
10248 4 3 00125 00000001
10283 0 1 00135 00000000
10347 4 3 00135 00000001
10376 0 3 00204 00000010
10378 0 1 00004 00000000
10442 4 3 00004 00000001
10452 0 1 00145 00000000
10516 4 3 00145 00000001
10545 0 1 00005 00000000
10609 4 3 00005 00000001
10619 0 1 00155 00000000
10683 4 3 00155 00000001
10718 0 1 00165 00000000
10782 4 3 00165 00000001
10817 0 1 00175 00000000
10881 4 3 00175 00000001
10916 0 1 00185 00000000
10980 4 3 00185 00000001
11015 0 1 00195 00000000
11079 4 3 00195 00000001
11114 0 1 001A5 00000000
11178 4 3 001A5 00000001
11213 0 1 001B5 00000000
11277 4 3 001B5 00000001
11312 0 1 001C5 00000000
11376 4 3 001C5 00000001
11411 0 1 001D5 00000000
11475 4 3 001D5 00000001
11510 0 1 001E5 00000000
11574 4 3 001E5 00000001
11609 0 1 001F5 00000000
11673 4 3 001F5 00000001
11693 0 2 00205 00000000
11757 4 3 00205 00000000
11787 0 1 00106 00000000
11851 4 3 00106 00000001
11886 0 1 00116 00000000
11950 4 3 00116 00000001
11985 0 1 00126 00000000
12049 4 3 00126 00000001
12084 0 1 00136 00000000
12148 4 3 00136 00000001
12183 0 1 00146 00000000
12247 4 3 00146 00000001
12276 0 3 00205 00000010
12278 0 1 00005 00000000
12342 4 3 00005 00000001
12352 0 1 00156 00000000
12416 4 3 00156 00000001
12445 0 1 00006 00000000
12509 4 3 00006 00000001
12519 0 1 00166 00000000
12583 4 3 00166 00000001
12618 0 1 00176 00000000
12682 4 3 00176 00000001
12717 0 1 00186 00000000
12781 4 3 00186 00000001
12816 0 1 00196 00000000
12880 4 3 00196 00000001
12915 0 1 001A6 00000000
12979 4 3 001A6 00000001
13014 0 1 001B6 00000000
13078 4 3 001B6 00000001
13113 0 1 001C6 00000000
13177 4 3 001C6 00000001
13212 0 1 001D6 00000000
13276 4 3 001D6 00000001
13311 0 1 001E6 00000000
13375 4 3 001E6 00000001
13410 0 1 001F6 00000000
13474 4 3 001F6 00000001
13494 0 2 00206 00000000
13558 4 3 00206 00000000
13588 0 1 00107 00000000
13652 4 3 00107 00000001
13687 0 1 00117 00000000
13751 4 3 00117 00000001
13786 0 1 00127 00000000
13850 4 3 00127 00000001
13885 0 1 00137 00000000
13949 4 3 00137 00000001
13984 0 1 00147 00000000
14048 4 3 00147 00000001
14083 0 1 00157 00000000
14147 4 3 00157 00000001
14176 0 3 00206 00000010
14178 0 1 00006 00000000
14242 4 3 00006 00000001
14252 0 1 00167 00000000
14316 4 3 00167 00000001
14345 0 1 00007 00000000
14409 4 3 00007 00000001
14419 0 1 00177 00000000
14483 4 3 00177 00000001
14518 0 1 00187 00000000
14582 4 3 00187 00000001
14617 0 1 00197 00000000
14681 4 3 00197 00000001
14716 0 1 001A7 00000000
14780 4 3 001A7 00000001
14815 0 1 001B7 00000000
14879 4 3 001B7 00000001
14914 0 1 001C7 00000000
14978 4 3 001C7 00000001
15013 0 1 001D7 00000000
15077 4 3 001D7 00000001
15112 0 1 001E7 00000000
15176 4 3 001E7 00000001
15211 0 1 001F7 00000000
15275 4 3 001F7 00000001
15295 0 2 00207 00000000
15359 4 3 00207 00000000
15389 0 1 00108 00000000
15453 4 3 00108 00000001
15488 0 1 00118 00000000
15552 4 3 00118 00000001
15587 0 1 00128 00000000
15651 4 3 00128 00000001
15686 0 1 00138 00000000
15750 4 3 00138 00000001
15785 0 1 00148 00000000
15849 4 3 00148 00000001
15884 0 1 00158 00000000
15948 4 3 00158 00000001
15983 0 1 00168 00000000
16047 4 3 00168 00000001
16076 0 3 00207 00000010
16078 0 1 00007 00000000
16142 4 3 00007 00000001
16152 0 1 00178 00000000
16216 4 3 00178 00000001
16245 0 1 00008 00000000
16309 4 3 00008 00000001
16319 0 1 00188 00000000
16383 4 3 00188 00000001
16418 0 1 00198 00000000
16482 4 3 00198 00000001
16517 0 1 001A8 00000000
16581 4 3 001A8 00000001
16616 0 1 001B8 00000000
16680 4 3 001B8 00000001
16715 0 1 001C8 00000000
16779 4 3 001C8 00000001
16814 0 1 001D8 00000000
16878 4 3 001D8 00000001
16913 0 1 001E8 00000000
16977 4 3 001E8 00000001
17012 0 1 001F8 00000000
17076 4 3 001F8 00000001
17096 0 2 00208 00000000
17160 4 3 00208 00000000
17190 0 1 00109 00000000
17254 4 3 00109 00000001
17289 0 1 00119 00000000
17353 4 3 00119 00000001
17388 0 1 00129 00000000
17452 4 3 00129 00000001
17487 0 1 00139 00000000
17551 4 3 00139 00000001
17586 0 1 00149 00000000
17650 4 3 00149 00000001
17685 0 1 00159 00000000
17749 4 3 00159 00000001
17784 0 1 00169 00000000
17848 4 3 00169 00000001
17883 0 1 00179 00000000
17947 4 3 00179 00000001
17976 0 3 00208 00000010
17978 0 1 00008 00000000
18042 4 3 00008 00000001
18052 0 1 00189 00000000
18116 4 3 00189 00000001
18145 0 1 00009 00000000
18209 4 3 00009 00000001
18219 0 1 00199 00000000
18283 4 3 00199 00000001
18318 0 1 001A9 00000000
18382 4 3 001A9 00000001
18417 0 1 001B9 00000000
18481 4 3 001B9 00000001
18516 0 1 001C9 00000000
18580 4 3 001C9 00000001
18615 0 1 001D9 00000000
18679 4 3 001D9 00000001
18714 0 1 001E9 00000000
18778 4 3 001E9 00000001
18813 0 1 001F9 00000000
18877 4 3 001F9 00000001
18897 0 2 00209 00000000
18961 4 3 00209 00000000
18991 0 1 0010A 00000000
19055 4 3 0010A 00000001
19090 0 1 0011A 00000000
19154 4 3 0011A 00000001
19189 0 1 0012A 00000000
19253 4 3 0012A 00000001
19288 0 1 0013A 00000000
19352 4 3 0013A 00000001
19387 0 1 0014A 00000000
19451 4 3 0014A 00000001
19486 0 1 0015A 00000000
19550 4 3 0015A 00000001
19585 0 1 0016A 00000000
19649 4 3 0016A 00000001
19684 0 1 0017A 00000000
19748 4 3 0017A 00000001
19783 0 1 0018A 00000000
19847 4 3 0018A 00000001
19876 0 3 00209 00000010
19878 0 1 00009 00000000
19942 4 3 00009 00000001
19952 0 1 0019A 00000000
20016 4 3 0019A 00000001
20045 0 1 0000A 00000000
20109 4 3 0000A 00000001
20119 0 1 001AA 00000000
20183 4 3 001AA 00000001
20218 0 1 001BA 00000000
20282 4 3 001BA 00000001
20317 0 1 001CA 00000000
20381 4 3 001CA 00000001
20416 0 1 001DA 00000000
20480 4 3 001DA 00000001
20515 0 1 001EA 00000000
20579 4 3 001EA 00000001
20614 0 1 001FA 00000000
20678 4 3 001FA 00000001
20698 0 2 0020A 00000000
20762 4 3 0020A 00000000
20792 0 1 0010B 00000000
20856 4 3 0010B 00000001
20891 0 1 0011B 00000000
20955 4 3 0011B 00000001
20990 0 1 0012B 00000000
21054 4 3 0012B 00000001
21089 0 1 0013B 00000000
21153 4 3 0013B 00000001
21188 0 1 0014B 00000000
21252 4 3 0014B 00000001
21287 0 1 0015B 00000000
21351 4 3 0015B 00000001
21386 0 1 0016B 00000000
21450 4 3 0016B 00000001
21485 0 1 0017B 00000000
21549 4 3 0017B 00000001
21584 0 1 0018B 00000000
21648 4 3 0018B 00000001
21683 0 1 0019B 00000000
21747 4 3 0019B 00000001
21776 0 3 0020A 00000010
21778 0 1 0000A 00000000
21842 4 3 0000A 00000001
21852 0 1 001AB 00000000
21916 4 3 001AB 00000001
21945 0 1 0000B 00000000
22009 4 3 0000B 00000001
22019 0 1 001BB 00000000
22083 4 3 001BB 00000001
22118 0 1 001CB 00000000
22182 4 3 001CB 00000001
22217 0 1 001DB 00000000
22281 4 3 001DB 00000001
22316 0 1 001EB 00000000
22380 4 3 001EB 00000001
22415 0 1 001FB 00000000
22479 4 3 001FB 00000001
22499 0 2 0020B 00000000
22563 4 3 0020B 00000000
22593 0 1 0010C 00000000
22657 4 3 0010C 00000001
22692 0 1 0011C 00000000
22756 4 3 0011C 00000001
22791 0 1 0012C 00000000
22855 4 3 0012C 00000001
22890 0 1 0013C 00000000
22954 4 3 0013C 00000001
22989 0 1 0014C 00000000
23053 4 3 0014C 00000001
23088 0 1 0015C 00000000
23152 4 3 0015C 00000001
23187 0 1 0016C 00000000
23251 4 3 0016C 00000001
23286 0 1 0017C 00000000
23350 4 3 0017C 00000001
23385 0 1 0018C 00000000
23449 4 3 0018C 00000001
23484 0 1 0019C 00000000
23548 4 3 0019C 00000001
23583 0 1 001AC 00000000
23647 4 3 001AC 00000001
23676 0 3 0020B 00000010
23678 0 1 0000B 00000000
23742 4 3 0000B 00000001
23752 0 1 001BC 00000000
23816 4 3 001BC 00000001
23845 0 1 0000C 00000000
23909 4 3 0000C 00000001
23919 0 1 001CC 00000000
23983 4 3 001CC 00000001
24018 0 1 001DC 00000000
24082 4 3 001DC 00000001
24117 0 1 001EC 00000000
24181 4 3 001EC 00000001
24216 0 1 001FC 00000000
24280 4 3 001FC 00000001
24300 0 2 0020C 00000000
24364 4 3 0020C 00000000
24394 0 1 0010D 00000000
24458 4 3 0010D 00000001
24493 0 1 0011D 00000000
24557 4 3 0011D 00000001
24592 0 1 0012D 00000000
24656 4 3 0012D 00000001
24691 0 1 0013D 00000000
24755 4 3 0013D 00000001
24790 0 1 0014D 00000000
24854 4 3 0014D 00000001
24889 0 1 0015D 00000000
24953 4 3 0015D 00000001
24988 0 1 0016D 00000000
25052 4 3 0016D 00000001
25087 0 1 0017D 00000000
25151 4 3 0017D 00000001
25186 0 1 0018D 00000000
25250 4 3 0018D 00000001
25285 0 1 0019D 00000000
25349 4 3 0019D 00000001
25384 0 1 001AD 00000000
25448 4 3 001AD 00000001
25483 0 1 001BD 00000000
25547 4 3 001BD 00000001
25576 0 3 0020C 00000010
25578 0 1 0000C 00000000
25642 4 3 0000C 00000001
25652 0 1 001CD 00000000
25716 4 3 001CD 00000001
25745 0 1 0000D 00000000
25809 4 3 0000D 00000001
25819 0 1 001DD 00000000
25883 4 3 001DD 00000001
25918 0 1 001ED 00000000
25982 4 3 001ED 00000001
26017 0 1 001FD 00000000
26081 4 3 001FD 00000001
26101 0 2 0020D 00000000
26165 4 3 0020D 00000000
26195 0 1 0010E 00000000
26259 4 3 0010E 00000001
26294 0 1 0011E 00000000
26358 4 3 0011E 00000001
26393 0 1 0012E 00000000
26457 4 3 0012E 00000001
26492 0 1 0013E 00000000
26556 4 3 0013E 00000001
26591 0 1 0014E 00000000
26655 4 3 0014E 00000001
26690 0 1 0015E 00000000
26754 4 3 0015E 00000001
26789 0 1 0016E 00000000
26853 4 3 0016E 00000001
26888 0 1 0017E 00000000
26952 4 3 0017E 00000001
26987 0 1 0018E 00000000
27051 4 3 0018E 00000001
27086 0 1 0019E 00000000
27150 4 3 0019E 00000001
27185 0 1 001AE 00000000
27249 4 3 001AE 00000001
27284 0 1 001BE 00000000
27348 4 3 001BE 00000001
27383 0 1 001CE 00000000
27447 4 3 001CE 00000001
27476 0 3 0020D 00000010
27478 0 1 0000D 00000000
27542 4 3 0000D 00000001
27552 0 1 001DE 00000000
27616 4 3 001DE 00000001
27645 0 1 0000E 00000000
27709 4 3 0000E 00000001
27719 0 1 001EE 00000000
27783 4 3 001EE 00000001
27818 0 1 001FE 00000000
27882 4 3 001FE 00000001
27902 0 2 0020E 00000000
27966 4 3 0020E 00000000
27996 0 1 0010F 00000000
28060 4 3 0010F 00000001
28095 0 1 0011F 00000000
28159 4 3 0011F 00000001
28194 0 1 0012F 00000000
28258 4 3 0012F 00000001
28293 0 1 0013F 00000000
28357 4 3 0013F 00000001
28392 0 1 0014F 00000000
28456 4 3 0014F 00000001
28491 0 1 0015F 00000000
28555 4 3 0015F 00000001
28590 0 1 0016F 00000000
28654 4 3 0016F 00000001
28689 0 1 0017F 00000000
28753 4 3 0017F 00000001
28788 0 1 0018F 00000000
28852 4 3 0018F 00000001
28887 0 1 0019F 00000000
28951 4 3 0019F 00000001
28986 0 1 001AF 00000000
29050 4 3 001AF 00000001
29085 0 1 001BF 00000000
29149 4 3 001BF 00000001
29184 0 1 001CF 00000000
29248 4 3 001CF 00000001
29283 0 1 001DF 00000000
29347 4 3 001DF 00000001
29376 0 3 0020E 00000010
29378 0 1 0000E 00000000
29442 4 3 0000E 00000001
29452 0 1 001EF 00000000
29516 4 3 001EF 00000001
29545 0 1 0000F 00000000
29609 4 3 0000F 00000001
29619 0 1 001FF 00000000
29683 4 3 001FF 00000001
29703 0 2 0020F 00000000
29767 4 3 0020F 00000000
29798 0 1 00010 00000000
29862 4 3 00010 00000001
29872 0 1 00100 00000000
29936 4 3 00100 00000001
29965 0 1 00011 00000000
30029 4 3 00011 00000001
30039 0 1 00110 00000000
30103 4 3 00110 00000001
30132 0 1 00012 00000000
30196 4 3 00012 00000001
30232 0 1 00013 00000000
30296 4 3 00013 00000001
30332 0 1 00014 00000000
30396 4 3 00014 00000001
30432 0 1 00015 00000000
30496 4 3 00015 00000001
30532 0 1 00016 00000000
30596 4 3 00016 00000001
30632 0 1 00017 00000000
30696 4 3 00017 00000001
30732 0 1 00018 00000000
30796 4 3 00018 00000001
30832 0 1 00019 00000000
30896 4 3 00019 00000001
30932 0 1 0001A 00000000
30996 4 3 0001A 00000001
31032 0 1 0001B 00000000
31096 4 3 0001B 00000001
31132 0 1 0001C 00000000
31196 4 3 0001C 00000001
31232 0 1 0001D 00000000
31296 4 3 0001D 00000001
31332 0 1 0001E 00000000
31396 4 3 0001E 00000001
31432 0 1 0001F 00000000
31496 4 3 0001F 00000001
31523 0 2 00210 00000000
31587 4 3 00210 00000000
31611 0 3 00210 00000010
31613 0 1 00010 00000000
31677 4 3 00010 00000001
31687 0 1 00101 00000000
31751 4 3 00101 00000001
31786 0 1 00111 00000000
31850 4 3 00111 00000001
32318 0 2 00211 00000000
32382 4 3 00211 00000000
32412 0 1 00102 00000000
32476 4 3 00102 00000001
32505 0 3 00211 00000010
32507 0 1 00011 00000000
32571 4 3 00011 00000001
32581 0 1 00112 00000000
32645 4 3 00112 00000001
32674 0 1 00012 00000000
32738 4 3 00012 00000001
33181 0 2 00212 00000000
33245 4 3 00212 00000000
33275 0 1 00103 00000000
33339 4 3 00103 00000001
33374 0 1 00113 00000000
33438 4 3 00113 00000001
33467 0 3 00212 00000010
33469 0 1 00012 00000000
33533 4 3 00012 00000001
33569 0 1 00013 00000000
33633 4 3 00013 00000001
34044 0 2 00213 00000000
34108 4 3 00213 00000000
34138 0 1 00104 00000000
34202 4 3 00104 00000001
34237 0 1 00114 00000000
34301 4 3 00114 00000001
34362 0 3 00213 00000010
34364 0 1 00013 00000000
34428 4 3 00013 00000001
34464 0 1 00014 00000000
34528 4 3 00014 00000001
34907 0 2 00214 00000000
34971 4 3 00214 00000000
35001 0 1 00105 00000000
35065 4 3 00105 00000001
35100 0 1 00115 00000000
35164 4 3 00115 00000001
35257 0 3 00214 00000010
35259 0 1 00014 00000000
35323 4 3 00014 00000001
35359 0 1 00015 00000000
35423 4 3 00015 00000001
35770 0 2 00215 00000000
35834 4 3 00215 00000000
35864 0 1 00106 00000000
35928 4 3 00106 00000001
35963 0 1 00116 00000000
36027 4 3 00116 00000001
36152 0 3 00215 00000010
36154 0 1 00015 00000000
36218 4 3 00015 00000001
36254 0 1 00016 00000000
36318 4 3 00016 00000001
36633 0 2 00216 00000000
36697 4 3 00216 00000000
36727 0 1 00107 00000000
36791 4 3 00107 00000001
36826 0 1 00117 00000000
36890 4 3 00117 00000001
37047 0 3 00216 00000010
37049 0 1 00016 00000000
37113 4 3 00016 00000001
37149 0 1 00017 00000000
37213 4 3 00017 00000001
37496 0 2 00217 00000000
37560 4 3 00217 00000000
37590 0 1 00108 00000000
37654 4 3 00108 00000001
37689 0 1 00118 00000000
37753 4 3 00118 00000001
37942 0 3 00217 00000010
37944 0 1 00017 00000000
38008 4 3 00017 00000001
38044 0 1 00018 00000000
38108 4 3 00018 00000001
38359 0 2 00218 00000000
38423 4 3 00218 00000000
38453 0 1 00109 00000000
38517 4 3 00109 00000001
38552 0 1 00119 00000000
38616 4 3 00119 00000001
38837 0 3 00218 00000010
38839 0 1 00018 00000000
38903 4 3 00018 00000001
38939 0 1 00019 00000000
39003 4 3 00019 00000001
39222 0 2 00219 00000000
39286 4 3 00219 00000000
39316 0 1 0010A 00000000
39380 4 3 0010A 00000001
39415 0 1 0011A 00000000
39479 4 3 0011A 00000001
39732 0 3 00219 00000010
39734 0 1 00019 00000000
39798 4 3 00019 00000001
39834 0 1 0001A 00000000
39898 4 3 0001A 00000001
40085 0 2 0021A 00000000
40149 4 3 0021A 00000000
40179 0 1 0010B 00000000
40243 4 3 0010B 00000001
40278 0 1 0011B 00000000
40342 4 3 0011B 00000001
40627 0 3 0021A 00000010
40629 0 1 0001A 00000000
40693 4 3 0001A 00000001
40729 0 1 0001B 00000000
40793 4 3 0001B 00000001
40948 0 2 0021B 00000000
41012 4 3 0021B 00000000
41042 0 1 0010C 00000000
41106 4 3 0010C 00000001
41141 0 1 0011C 00000000
41205 4 3 0011C 00000001
41522 0 3 0021B 00000010
41524 0 1 0001B 00000000
41588 4 3 0001B 00000001
41624 0 1 0001C 00000000
41688 4 3 0001C 00000001
41811 0 2 0021C 00000000
41875 4 3 0021C 00000000
41905 0 1 0010D 00000000
41969 4 3 0010D 00000001
42004 0 1 0011D 00000000
42068 4 3 0011D 00000001
42417 0 3 0021C 00000010
42419 0 1 0001C 00000000
42483 4 3 0001C 00000001
42519 0 1 0001D 00000000
42583 4 3 0001D 00000001
42674 0 2 0021D 00000000
42738 4 3 0021D 00000000
42768 0 1 0010E 00000000
42832 4 3 0010E 00000001
42867 0 1 0011E 00000000
42931 4 3 0011E 00000001
43312 0 3 0021D 00000010
43314 0 1 0001D 00000000
43378 4 3 0001D 00000001
43414 0 1 0001E 00000000
43478 4 3 0001E 00000001
43537 0 2 0021E 00000000
43601 4 3 0021E 00000000
43631 0 3 0020F 00000010
43633 0 1 0010F 00000000
43697 4 3 0010F 00000001
43732 0 1 0011F 00000000
43796 4 3 0011F 00000001
44209 0 3 0021E 00000010
44211 0 1 0001E 00000000
44275 4 3 0001E 00000001
44311 0 1 0001F 00000000
44375 4 3 0001F 00000001
44402 0 2 0021F 00000000
44466 4 3 0021F 00000000
44497 0 1 00020 00000000
44561 4 3 00020 00000001
44597 0 1 00021 00000000
44661 4 3 00021 00000001
44671 0 1 00110 00000000
44735 4 3 00110 00000001
44764 0 1 00022 00000000
44828 4 3 00022 00000001
44838 0 1 00120 00000000
44902 4 3 00120 00000001
44931 0 1 00023 00000000
44995 4 3 00023 00000001
45031 0 1 00024 00000000
45095 4 3 00024 00000001
45131 0 1 00025 00000000
45195 4 3 00025 00000001
45231 0 1 00026 00000000
45295 4 3 00026 00000001
45331 0 1 00027 00000000
45395 4 3 00027 00000001
45431 0 1 00028 00000000
45495 4 3 00028 00000001
45531 0 1 00029 00000000
45595 4 3 00029 00000001
45631 0 1 0002A 00000000
45695 4 3 0002A 00000001
45731 0 1 0002B 00000000
45795 4 3 0002B 00000001
45831 0 1 0002C 00000000
45895 4 3 0002C 00000001
45931 0 1 0002D 00000000
45995 4 3 0002D 00000001
46031 0 1 0002E 00000000
46095 4 3 0002E 00000001
46131 0 1 0002F 00000000
46195 4 3 0002F 00000001
46222 0 2 00220 00000000
46286 4 3 00220 00000000
46310 0 3 00220 00000010
46312 0 1 00020 00000000
46376 4 3 00020 00000001
46418 0 1 00111 00000000
46482 4 3 00111 00000001
46517 0 1 00121 00000000
46581 4 3 00121 00000001
47017 0 2 00221 00000000
47081 4 3 00221 00000000
47137 0 3 00221 00000010
47139 0 1 00021 00000000
47203 4 3 00021 00000001
47213 0 1 00112 00000000
47277 4 3 00112 00000001
47312 0 1 00122 00000000
47376 4 3 00122 00000001
47812 0 2 00222 00000000
47876 4 3 00222 00000000
47938 0 1 00113 00000000
48002 4 3 00113 00000001
48031 0 3 00222 00000010
48033 0 1 00022 00000000
48097 4 3 00022 00000001
48107 0 1 00123 00000000
48171 4 3 00123 00000001
48200 0 1 00023 00000000
48264 4 3 00023 00000001
48675 0 2 00223 00000000
48739 4 3 00223 00000000
48801 0 1 00114 00000000
48865 4 3 00114 00000001
48900 0 1 00124 00000000
48964 4 3 00124 00000001
48993 0 3 00223 00000010
48995 0 1 00023 00000000
49059 4 3 00023 00000001
49095 0 1 00024 00000000
49159 4 3 00024 00000001
49538 0 2 00224 00000000
49602 4 3 00224 00000000
49664 0 1 00115 00000000
49728 4 3 00115 00000001
49763 0 1 00125 00000000
49827 4 3 00125 00000001
49888 0 3 00224 00000010
49890 0 1 00024 00000000
49954 4 3 00024 00000001
49990 0 1 00025 00000000
50054 4 3 00025 00000001
50401 0 2 00225 00000000
50465 4 3 00225 00000000
50527 0 1 00116 00000000
50591 4 3 00116 00000001
50626 0 1 00126 00000000
50690 4 3 00126 00000001
50783 0 3 00225 00000010
50785 0 1 00025 00000000
50849 4 3 00025 00000001
50885 0 1 00026 00000000
50949 4 3 00026 00000001
51264 0 2 00226 00000000
51328 4 3 00226 00000000
51390 0 1 00117 00000000
51454 4 3 00117 00000001
51489 0 1 00127 00000000
51553 4 3 00127 00000001
51678 0 3 00226 00000010
51680 0 1 00026 00000000
51744 4 3 00026 00000001
51780 0 1 00027 00000000
51844 4 3 00027 00000001
52127 0 2 00227 00000000
52191 4 3 00227 00000000
52253 0 1 00118 00000000
52317 4 3 00118 00000001
52352 0 1 00128 00000000
52416 4 3 00128 00000001
52573 0 3 00227 00000010
52575 0 1 00027 00000000
52639 4 3 00027 00000001
52675 0 1 00028 00000000
52739 4 3 00028 00000001
52990 0 2 00228 00000000
53054 4 3 00228 00000000
53116 0 1 00119 00000000
53180 4 3 00119 00000001
53215 0 1 00129 00000000
53279 4 3 00129 00000001
53468 0 3 00228 00000010
53470 0 1 00028 00000000
53534 4 3 00028 00000001
53570 0 1 00029 00000000
53634 4 3 00029 00000001
53853 0 2 00229 00000000
53917 4 3 00229 00000000
53979 0 1 0011A 00000000
54043 4 3 0011A 00000001
54078 0 1 0012A 00000000
54142 4 3 0012A 00000001
54363 0 3 00229 00000010
54365 0 1 00029 00000000
54429 4 3 00029 00000001
54465 0 1 0002A 00000000
54529 4 3 0002A 00000001
54716 0 2 0022A 00000000
54780 4 3 0022A 00000000
54842 0 1 0011B 00000000
54906 4 3 0011B 00000001
54941 0 1 0012B 00000000
55005 4 3 0012B 00000001
55258 0 3 0022A 00000010
55260 0 1 0002A 00000000
55324 4 3 0002A 00000001
55360 0 1 0002B 00000000
55424 4 3 0002B 00000001
55579 0 2 0022B 00000000
55643 4 3 0022B 00000000
55705 0 1 0011C 00000000
55769 4 3 0011C 00000001
55804 0 1 0012C 00000000
55868 4 3 0012C 00000001
56153 0 3 0022B 00000010
56155 0 1 0002B 00000000
56219 4 3 0002B 00000001
56255 0 1 0002C 00000000
56319 4 3 0002C 00000001
56442 0 2 0022C 00000000
56506 4 3 0022C 00000000
56568 0 1 0011D 00000000
56632 4 3 0011D 00000001
56667 0 1 0012D 00000000
56731 4 3 0012D 00000001
57048 0 3 0022C 00000010
57050 0 1 0002C 00000000
57114 4 3 0002C 00000001
57150 0 1 0002D 00000000
57214 4 3 0002D 00000001
57305 0 2 0022D 00000000
57369 4 3 0022D 00000000
57431 0 1 0011E 00000000
57495 4 3 0011E 00000001
57530 0 1 0012E 00000000
57594 4 3 0012E 00000001
57943 0 3 0022D 00000010
57945 0 1 0002D 00000000
58009 4 3 0002D 00000001
58045 0 1 0002E 00000000
58109 4 3 0002E 00000001
58168 0 2 0022E 00000000
58232 4 3 0022E 00000000
58294 0 3 0021F 00000010
58296 0 1 0011F 00000000
58360 4 3 0011F 00000001
58395 0 1 0012F 00000000
58459 4 3 0012F 00000001
58840 0 3 0022E 00000010
58842 0 1 0002E 00000000
58906 4 3 0002E 00000001
58942 0 1 0002F 00000000
59006 4 3 0002F 00000001
59033 0 2 0022F 00000000
59097 4 3 0022F 00000000
59128 0 1 00030 00000000
59192 4 3 00030 00000001
59228 0 1 00031 00000000
59292 4 3 00031 00000001
59328 0 1 00032 00000000
59392 4 3 00032 00000001
59402 0 1 00120 00000000
59466 4 3 00120 00000001
59495 0 1 00033 00000000
59559 4 3 00033 00000001
59569 0 1 00130 00000000
59633 4 3 00130 00000001
59662 0 1 00034 00000000
59726 4 3 00034 00000001
59762 0 1 00035 00000000
59826 4 3 00035 00000001
59862 0 1 00036 00000000
59926 4 3 00036 00000001
59962 0 1 00037 00000000
60026 4 3 00037 00000001
60062 0 1 00038 00000000
60126 4 3 00038 00000001
60162 0 1 00039 00000000
60226 4 3 00039 00000001
60262 0 1 0003A 00000000
60326 4 3 0003A 00000001
60362 0 1 0003B 00000000
60426 4 3 0003B 00000001
60462 0 1 0003C 00000000
60526 4 3 0003C 00000001
60562 0 1 0003D 00000000
60626 4 3 0003D 00000001
60662 0 1 0003E 00000000
60726 4 3 0003E 00000001
60762 0 1 0003F 00000000
60826 4 3 0003F 00000001
60853 0 2 00230 00000000
60917 4 3 00230 00000000
60941 0 3 00230 00000010
60943 0 1 00030 00000000
61007 4 3 00030 00000001
61081 0 1 00121 00000000
61145 4 3 00121 00000001
61180 0 1 00131 00000000
61244 4 3 00131 00000001
61648 0 2 00231 00000000
61712 4 3 00231 00000000
61768 0 3 00231 00000010
61770 0 1 00031 00000000
61834 4 3 00031 00000001
61876 0 1 00122 00000000
61940 4 3 00122 00000001
61975 0 1 00132 00000000
62039 4 3 00132 00000001
62443 0 2 00232 00000000
62507 4 3 00232 00000000
62595 0 3 00232 00000010
62597 0 1 00032 00000000
62661 4 3 00032 00000001
62671 0 1 00123 00000000
62735 4 3 00123 00000001
62770 0 1 00133 00000000
62834 4 3 00133 00000001
63238 0 2 00233 00000000
63302 4 3 00233 00000000
63396 0 1 00124 00000000
63460 4 3 00124 00000001
63489 0 3 00233 00000010
63491 0 1 00033 00000000
63555 4 3 00033 00000001
63565 0 1 00134 00000000
63629 4 3 00134 00000001
63658 0 1 00034 00000000
63722 4 3 00034 00000001
64101 0 2 00234 00000000
64165 4 3 00234 00000000
64259 0 1 00125 00000000
64323 4 3 00125 00000001
64358 0 1 00135 00000000
64422 4 3 00135 00000001
64451 0 3 00234 00000010
64453 0 1 00034 00000000
64517 4 3 00034 00000001
64553 0 1 00035 00000000
64617 4 3 00035 00000001
64964 0 2 00235 00000000
65028 4 3 00235 00000000
65122 0 1 00126 00000000
65186 4 3 00126 00000001
65221 0 1 00136 00000000
65285 4 3 00136 00000001
65346 0 3 00235 00000010
65348 0 1 00035 00000000
65412 4 3 00035 00000001
65448 0 1 00036 00000000
65512 4 3 00036 00000001
65827 0 2 00236 00000000
65891 4 3 00236 00000000
65985 0 1 00127 00000000
66049 4 3 00127 00000001
66084 0 1 00137 00000000
66148 4 3 00137 00000001
66241 0 3 00236 00000010
66243 0 1 00036 00000000
66307 4 3 00036 00000001
66343 0 1 00037 00000000
66407 4 3 00037 00000001
66690 0 2 00237 00000000
66754 4 3 00237 00000000
66848 0 1 00128 00000000
66912 4 3 00128 00000001
66947 0 1 00138 00000000
67011 4 3 00138 00000001
67136 0 3 00237 00000010
67138 0 1 00037 00000000
67202 4 3 00037 00000001
67238 0 1 00038 00000000
67302 4 3 00038 00000001
67553 0 2 00238 00000000
67617 4 3 00238 00000000
67711 0 1 00129 00000000
67775 4 3 00129 00000001
67810 0 1 00139 00000000
67874 4 3 00139 00000001
68031 0 3 00238 00000010
68033 0 1 00038 00000000
68097 4 3 00038 00000001
68133 0 1 00039 00000000
68197 4 3 00039 00000001
68416 0 2 00239 00000000
68480 4 3 00239 00000000
68574 0 1 0012A 00000000
68638 4 3 0012A 00000001
68673 0 1 0013A 00000000
68737 4 3 0013A 00000001
68926 0 3 00239 00000010
68928 0 1 00039 00000000
68992 4 3 00039 00000001
69028 0 1 0003A 00000000
69092 4 3 0003A 00000001
69279 0 2 0023A 00000000
69343 4 3 0023A 00000000
69437 0 1 0012B 00000000
69501 4 3 0012B 00000001
69536 0 1 0013B 00000000
69600 4 3 0013B 00000001
69821 0 3 0023A 00000010
69823 0 1 0003A 00000000
69887 4 3 0003A 00000001
69923 0 1 0003B 00000000
69987 4 3 0003B 00000001
70142 0 2 0023B 00000000
70206 4 3 0023B 00000000
70300 0 1 0012C 00000000
70364 4 3 0012C 00000001
70399 0 1 0013C 00000000
70463 4 3 0013C 00000001
70716 0 3 0023B 00000010
70718 0 1 0003B 00000000
70782 4 3 0003B 00000001
70818 0 1 0003C 00000000
70882 4 3 0003C 00000001
71005 0 2 0023C 00000000
71069 4 3 0023C 00000000
71163 0 1 0012D 00000000
71227 4 3 0012D 00000001
71262 0 1 0013D 00000000
71326 4 3 0013D 00000001
71611 0 3 0023C 00000010
71613 0 1 0003C 00000000
71677 4 3 0003C 00000001
71713 0 1 0003D 00000000
71777 4 3 0003D 00000001
71868 0 2 0023D 00000000
71932 4 3 0023D 00000000
72026 0 1 0012E 00000000
72090 4 3 0012E 00000001
72125 0 1 0013E 00000000
72189 4 3 0013E 00000001
72506 0 3 0023D 00000010
72508 0 1 0003D 00000000
72572 4 3 0003D 00000001
72608 0 1 0003E 00000000
72672 4 3 0003E 00000001
72731 0 2 0023E 00000000
72795 4 3 0023E 00000000
72889 0 3 0022F 00000010
72891 0 1 0012F 00000000
72955 4 3 0012F 00000001
72990 0 1 0013F 00000000
73054 4 3 0013F 00000001
73403 0 3 0023E 00000010
73405 0 1 0003E 00000000
73469 4 3 0003E 00000001
73505 0 1 0003F 00000000
73569 4 3 0003F 00000001
73596 0 2 0023F 00000000
73660 4 3 0023F 00000000
73691 0 1 00040 00000000
73755 4 3 00040 00000001
73791 0 1 00041 00000000
73855 4 3 00041 00000001
73891 0 1 00042 00000000
73955 4 3 00042 00000001
73991 0 1 00043 00000000
74055 4 3 00043 00000001
74065 0 1 00130 00000000
74129 4 3 00130 00000001
74158 0 1 00044 00000000
74222 4 3 00044 00000001
74232 0 1 00140 00000000
74296 4 3 00140 00000001
74325 0 1 00045 00000000
74389 4 3 00045 00000001
74425 0 1 00046 00000000
74489 4 3 00046 00000001
74525 0 1 00047 00000000
74589 4 3 00047 00000001
74625 0 1 00048 00000000
74689 4 3 00048 00000001
74725 0 1 00049 00000000
74789 4 3 00049 00000001
74825 0 1 0004A 00000000
74889 4 3 0004A 00000001
74925 0 1 0004B 00000000
74989 4 3 0004B 00000001
75025 0 1 0004C 00000000
75089 4 3 0004C 00000001
75125 0 1 0004D 00000000
75189 4 3 0004D 00000001
75225 0 1 0004E 00000000
75289 4 3 0004E 00000001
75325 0 1 0004F 00000000
75389 4 3 0004F 00000001
75416 0 2 00240 00000000
75480 4 3 00240 00000000
75504 0 3 00240 00000010
75506 0 1 00040 00000000
75570 4 3 00040 00000001
75676 0 1 00131 00000000
75740 4 3 00131 00000001
75775 0 1 00141 00000000
75839 4 3 00141 00000001
76211 0 2 00241 00000000
76275 4 3 00241 00000000
76331 0 3 00241 00000010
76333 0 1 00041 00000000
76397 4 3 00041 00000001
76471 0 1 00132 00000000
76535 4 3 00132 00000001
76570 0 1 00142 00000000
76634 4 3 00142 00000001
77006 0 2 00242 00000000
77070 4 3 00242 00000000
77158 0 3 00242 00000010
77160 0 1 00042 00000000
77224 4 3 00042 00000001
77266 0 1 00133 00000000
77330 4 3 00133 00000001
77365 0 1 00143 00000000
77429 4 3 00143 00000001
77801 0 2 00243 00000000
77865 4 3 00243 00000000
77985 0 3 00243 00000010
77987 0 1 00043 00000000
78051 4 3 00043 00000001
78061 0 1 00134 00000000
78125 4 3 00134 00000001
78160 0 1 00144 00000000
78224 4 3 00144 00000001
78596 0 2 00244 00000000
78660 4 3 00244 00000000
78786 0 1 00135 00000000
78850 4 3 00135 00000001
78879 0 3 00244 00000010
78881 0 1 00044 00000000
78945 4 3 00044 00000001
78955 0 1 00145 00000000
79019 4 3 00145 00000001
79048 0 1 00045 00000000
79112 4 3 00045 00000001
79459 0 2 00245 00000000
79523 4 3 00245 00000000
79649 0 1 00136 00000000
79713 4 3 00136 00000001
79748 0 1 00146 00000000
79812 4 3 00146 00000001
79841 0 3 00245 00000010
79843 0 1 00045 00000000
79907 4 3 00045 00000001
79943 0 1 00046 00000000
80007 4 3 00046 00000001
80322 0 2 00246 00000000
80386 4 3 00246 00000000
80512 0 1 00137 00000000
80576 4 3 00137 00000001
80611 0 1 00147 00000000
80675 4 3 00147 00000001
80736 0 3 00246 00000010
80738 0 1 00046 00000000
80802 4 3 00046 00000001
80838 0 1 00047 00000000
80902 4 3 00047 00000001
81185 0 2 00247 00000000
81249 4 3 00247 00000000
81375 0 1 00138 00000000
81439 4 3 00138 00000001
81474 0 1 00148 00000000
81538 4 3 00148 00000001
81631 0 3 00247 00000010
81633 0 1 00047 00000000
81697 4 3 00047 00000001
81733 0 1 00048 00000000
81797 4 3 00048 00000001
82048 0 2 00248 00000000
82112 4 3 00248 00000000
82238 0 1 00139 00000000
82302 4 3 00139 00000001
82337 0 1 00149 00000000
82401 4 3 00149 00000001
82526 0 3 00248 00000010
82528 0 1 00048 00000000
82592 4 3 00048 00000001
82628 0 1 00049 00000000
82692 4 3 00049 00000001
82911 0 2 00249 00000000
82975 4 3 00249 00000000
83101 0 1 0013A 00000000
83165 4 3 0013A 00000001
83200 0 1 0014A 00000000
83264 4 3 0014A 00000001
83421 0 3 00249 00000010
83423 0 1 00049 00000000
83487 4 3 00049 00000001
83523 0 1 0004A 00000000
83587 4 3 0004A 00000001
83774 0 2 0024A 00000000
83838 4 3 0024A 00000000
83964 0 1 0013B 00000000
84028 4 3 0013B 00000001
84063 0 1 0014B 00000000
84127 4 3 0014B 00000001
84316 0 3 0024A 00000010
84318 0 1 0004A 00000000
84382 4 3 0004A 00000001
84418 0 1 0004B 00000000
84482 4 3 0004B 00000001
84637 0 2 0024B 00000000
84701 4 3 0024B 00000000
84827 0 1 0013C 00000000
84891 4 3 0013C 00000001
84926 0 1 0014C 00000000
84990 4 3 0014C 00000001
85211 0 3 0024B 00000010
85213 0 1 0004B 00000000
85277 4 3 0004B 00000001
85313 0 1 0004C 00000000
85377 4 3 0004C 00000001
85500 0 2 0024C 00000000
85564 4 3 0024C 00000000
85690 0 1 0013D 00000000
85754 4 3 0013D 00000001
85789 0 1 0014D 00000000
85853 4 3 0014D 00000001
86106 0 3 0024C 00000010
86108 0 1 0004C 00000000
86172 4 3 0004C 00000001
86208 0 1 0004D 00000000
86272 4 3 0004D 00000001
86363 0 2 0024D 00000000
86427 4 3 0024D 00000000
86553 0 1 0013E 00000000
86617 4 3 0013E 00000001
86652 0 1 0014E 00000000
86716 4 3 0014E 00000001
87001 0 3 0024D 00000010
87003 0 1 0004D 00000000
87067 4 3 0004D 00000001
87103 0 1 0004E 00000000
87167 4 3 0004E 00000001
87226 0 2 0024E 00000000
87290 4 3 0024E 00000000
87416 0 3 0023F 00000010
87418 0 1 0013F 00000000
87482 4 3 0013F 00000001
87517 0 1 0014F 00000000
87581 4 3 0014F 00000001
87898 0 3 0024E 00000010
87900 0 1 0004E 00000000
87964 4 3 0004E 00000001
88000 0 1 0004F 00000000
88064 4 3 0004F 00000001
88091 0 2 0024F 00000000
88155 4 3 0024F 00000000
88186 0 1 00050 00000000
88250 4 3 00050 00000001
88286 0 1 00051 00000000
88350 4 3 00051 00000001
88386 0 1 00052 00000000
88450 4 3 00052 00000001
88486 0 1 00053 00000000
88550 4 3 00053 00000001
88586 0 1 00054 00000000
88650 4 3 00054 00000001
88660 0 1 00140 00000000
88724 4 3 00140 00000001
88753 0 1 00055 00000000
88817 4 3 00055 00000001
88827 0 1 00150 00000000
88891 4 3 00150 00000001
88920 0 1 00056 00000000
88984 4 3 00056 00000001
89020 0 1 00057 00000000
89084 4 3 00057 00000001
89120 0 1 00058 00000000
89184 4 3 00058 00000001
89220 0 1 00059 00000000
89284 4 3 00059 00000001
89320 0 1 0005A 00000000
89384 4 3 0005A 00000001
89420 0 1 0005B 00000000
89484 4 3 0005B 00000001
89520 0 1 0005C 00000000
89584 4 3 0005C 00000001
89620 0 1 0005D 00000000
89684 4 3 0005D 00000001
89720 0 1 0005E 00000000
89784 4 3 0005E 00000001
89820 0 1 0005F 00000000
89884 4 3 0005F 00000001
89911 0 2 00250 00000000
89975 4 3 00250 00000000
89999 0 3 00250 00000010
90001 0 1 00050 00000000
90065 4 3 00050 00000001
90203 0 1 00141 00000000
90267 4 3 00141 00000001
90302 0 1 00151 00000000
90366 4 3 00151 00000001
90706 0 2 00251 00000000
90770 4 3 00251 00000000
90826 0 3 00251 00000010
90828 0 1 00051 00000000
90892 4 3 00051 00000001
90998 0 1 00142 00000000
91062 4 3 00142 00000001
91097 0 1 00152 00000000
91161 4 3 00152 00000001
91501 0 2 00252 00000000
91565 4 3 00252 00000000
91653 0 3 00252 00000010
91655 0 1 00052 00000000
91719 4 3 00052 00000001
91793 0 1 00143 00000000
91857 4 3 00143 00000001
91892 0 1 00153 00000000
91956 4 3 00153 00000001
92296 0 2 00253 00000000
92360 4 3 00253 00000000
92480 0 3 00253 00000010
92482 0 1 00053 00000000
92546 4 3 00053 00000001
92588 0 1 00144 00000000
92652 4 3 00144 00000001
92687 0 1 00154 00000000
92751 4 3 00154 00000001
93091 0 2 00254 00000000
93155 4 3 00254 00000000
93307 0 3 00254 00000010
93309 0 1 00054 00000000
93373 4 3 00054 00000001
93383 0 1 00145 00000000
93447 4 3 00145 00000001
93482 0 1 00155 00000000
93546 4 3 00155 00000001
93886 0 2 00255 00000000
93950 4 3 00255 00000000
94108 0 1 00146 00000000
94172 4 3 00146 00000001
94201 0 3 00255 00000010
94203 0 1 00055 00000000
94267 4 3 00055 00000001
94277 0 1 00156 00000000
94341 4 3 00156 00000001
94370 0 1 00056 00000000
94434 4 3 00056 00000001
94749 0 2 00256 00000000
94813 4 3 00256 00000000
94971 0 1 00147 00000000
95035 4 3 00147 00000001
95070 0 1 00157 00000000
95134 4 3 00157 00000001
95163 0 3 00256 00000010
95165 0 1 00056 00000000
95229 4 3 00056 00000001
95265 0 1 00057 00000000
95329 4 3 00057 00000001
95612 0 2 00257 00000000
95676 4 3 00257 00000000
95834 0 1 00148 00000000
95898 4 3 00148 00000001
95933 0 1 00158 00000000
95997 4 3 00158 00000001
96058 0 3 00257 00000010
96060 0 1 00057 00000000
96124 4 3 00057 00000001
96160 0 1 00058 00000000
96224 4 3 00058 00000001
96475 0 2 00258 00000000
96539 4 3 00258 00000000
96697 0 1 00149 00000000
96761 4 3 00149 00000001
96796 0 1 00159 00000000
96860 4 3 00159 00000001
96953 0 3 00258 00000010
96955 0 1 00058 00000000
97019 4 3 00058 00000001
97055 0 1 00059 00000000
97119 4 3 00059 00000001
97338 0 2 00259 00000000
97402 4 3 00259 00000000
97560 0 1 0014A 00000000
97624 4 3 0014A 00000001
97659 0 1 0015A 00000000
97723 4 3 0015A 00000001
97848 0 3 00259 00000010
97850 0 1 00059 00000000
97914 4 3 00059 00000001
97950 0 1 0005A 00000000
98014 4 3 0005A 00000001
98201 0 2 0025A 00000000
98265 4 3 0025A 00000000
98423 0 1 0014B 00000000
98487 4 3 0014B 00000001
98522 0 1 0015B 00000000
98586 4 3 0015B 00000001
98743 0 3 0025A 00000010
98745 0 1 0005A 00000000
98809 4 3 0005A 00000001
98845 0 1 0005B 00000000
98909 4 3 0005B 00000001
99064 0 2 0025B 00000000
99128 4 3 0025B 00000000
99286 0 1 0014C 00000000
99350 4 3 0014C 00000001
99385 0 1 0015C 00000000
99449 4 3 0015C 00000001
99638 0 3 0025B 00000010
99640 0 1 0005B 00000000
99704 4 3 0005B 00000001
99740 0 1 0005C 00000000
99804 4 3 0005C 00000001
99927 0 2 0025C 00000000
99991 4 3 0025C 00000000
100149 0 1 0014D 00000000
100213 4 3 0014D 00000001
100248 0 1 0015D 00000000
100312 4 3 0015D 00000001
100533 0 3 0025C 00000010
100535 0 1 0005C 00000000
100599 4 3 0005C 00000001
100635 0 1 0005D 00000000
100699 4 3 0005D 00000001
100790 0 2 0025D 00000000
100854 4 3 0025D 00000000
101012 0 1 0014E 00000000
101076 4 3 0014E 00000001
101111 0 1 0015E 00000000
101175 4 3 0015E 00000001
101428 0 3 0025D 00000010
101430 0 1 0005D 00000000
101494 4 3 0005D 00000001
101530 0 1 0005E 00000000
101594 4 3 0005E 00000001
101653 0 2 0025E 00000000
101717 4 3 0025E 00000000
101875 0 3 0024F 00000010
101877 0 1 0014F 00000000
101941 4 3 0014F 00000001
101976 0 1 0015F 00000000
102040 4 3 0015F 00000001
102325 0 3 0025E 00000010
102327 0 1 0005E 00000000
102391 4 3 0005E 00000001
102427 0 1 0005F 00000000
102491 4 3 0005F 00000001
102518 0 2 0025F 00000000
102582 4 3 0025F 00000000
102613 0 1 00060 00000000
102677 4 3 00060 00000001
102713 0 1 00061 00000000
102777 4 3 00061 00000001
102813 0 1 00062 00000000
102877 4 3 00062 00000001
102913 0 1 00063 00000000
102977 4 3 00063 00000001
103013 0 1 00064 00000000
103077 4 3 00064 00000001
103113 0 1 00065 00000000
103177 4 3 00065 00000001
103187 0 1 00150 00000000
103251 4 3 00150 00000001
103280 0 1 00066 00000000
103344 4 3 00066 00000001
103354 0 1 00160 00000000
103418 4 3 00160 00000001
103447 0 1 00067 00000000
103511 4 3 00067 00000001
103547 0 1 00068 00000000
103611 4 3 00068 00000001
103647 0 1 00069 00000000
103711 4 3 00069 00000001
103747 0 1 0006A 00000000
103811 4 3 0006A 00000001
103847 0 1 0006B 00000000
103911 4 3 0006B 00000001
103947 0 1 0006C 00000000
104011 4 3 0006C 00000001
104047 0 1 0006D 00000000
104111 4 3 0006D 00000001
104147 0 1 0006E 00000000
104211 4 3 0006E 00000001
104247 0 1 0006F 00000000
104311 4 3 0006F 00000001
104338 0 2 00260 00000000
104402 4 3 00260 00000000
104426 0 3 00260 00000010
104428 0 1 00060 00000000
104492 4 3 00060 00000001
104662 0 1 00151 00000000
104726 4 3 00151 00000001
104761 0 1 00161 00000000
104825 4 3 00161 00000001
105133 0 2 00261 00000000
105197 4 3 00261 00000000
105253 0 3 00261 00000010
105255 0 1 00061 00000000
105319 4 3 00061 00000001
105457 0 1 00152 00000000
105521 4 3 00152 00000001
105556 0 1 00162 00000000
105620 4 3 00162 00000001
105928 0 2 00262 00000000
105992 4 3 00262 00000000
106080 0 3 00262 00000010
106082 0 1 00062 00000000
106146 4 3 00062 00000001
106252 0 1 00153 00000000
106316 4 3 00153 00000001
106351 0 1 00163 00000000
106415 4 3 00163 00000001
106723 0 2 00263 00000000
106787 4 3 00263 00000000
106907 0 3 00263 00000010
106909 0 1 00063 00000000
106973 4 3 00063 00000001
107047 0 1 00154 00000000
107111 4 3 00154 00000001
107146 0 1 00164 00000000
107210 4 3 00164 00000001
107518 0 2 00264 00000000
107582 4 3 00264 00000000
107734 0 3 00264 00000010
107736 0 1 00064 00000000
107800 4 3 00064 00000001
107842 0 1 00155 00000000
107906 4 3 00155 00000001
107941 0 1 00165 00000000
108005 4 3 00165 00000001
108313 0 2 00265 00000000
108377 4 3 00265 00000000
108561 0 3 00265 00000010
108563 0 1 00065 00000000
108627 4 3 00065 00000001
108637 0 1 00156 00000000
108701 4 3 00156 00000001
108736 0 1 00166 00000000
108800 4 3 00166 00000001
109108 0 2 00266 00000000
109172 4 3 00266 00000000
109362 0 1 00157 00000000
109426 4 3 00157 00000001
109455 0 3 00266 00000010
109457 0 1 00066 00000000
109521 4 3 00066 00000001
109531 0 1 00167 00000000
109595 4 3 00167 00000001
109624 0 1 00067 00000000
109688 4 3 00067 00000001
109971 0 2 00267 00000000
110035 4 3 00267 00000000
110225 0 1 00158 00000000
110289 4 3 00158 00000001
110324 0 1 00168 00000000
110388 4 3 00168 00000001
110417 0 3 00267 00000010
110419 0 1 00067 00000000
110483 4 3 00067 00000001
110519 0 1 00068 00000000
110583 4 3 00068 00000001
110834 0 2 00268 00000000
110898 4 3 00268 00000000
111088 0 1 00159 00000000
111152 4 3 00159 00000001
111187 0 1 00169 00000000
111251 4 3 00169 00000001
111312 0 3 00268 00000010
111314 0 1 00068 00000000
111378 4 3 00068 00000001
111414 0 1 00069 00000000
111478 4 3 00069 00000001
111697 0 2 00269 00000000
111761 4 3 00269 00000000
111951 0 1 0015A 00000000
112015 4 3 0015A 00000001
112050 0 1 0016A 00000000
112114 4 3 0016A 00000001
112207 0 3 00269 00000010
112209 0 1 00069 00000000
112273 4 3 00069 00000001
112309 0 1 0006A 00000000
112373 4 3 0006A 00000001
112560 0 2 0026A 00000000
112624 4 3 0026A 00000000
112814 0 1 0015B 00000000
112878 4 3 0015B 00000001
112913 0 1 0016B 00000000
112977 4 3 0016B 00000001
113102 0 3 0026A 00000010
113104 0 1 0006A 00000000
113168 4 3 0006A 00000001
113204 0 1 0006B 00000000
113268 4 3 0006B 00000001
113423 0 2 0026B 00000000
113487 4 3 0026B 00000000
113677 0 1 0015C 00000000
113741 4 3 0015C 00000001
113776 0 1 0016C 00000000
113840 4 3 0016C 00000001
113997 0 3 0026B 00000010
113999 0 1 0006B 00000000
114063 4 3 0006B 00000001
114099 0 1 0006C 00000000
114163 4 3 0006C 00000001
114286 0 2 0026C 00000000
114350 4 3 0026C 00000000
114540 0 1 0015D 00000000
114604 4 3 0015D 00000001
114639 0 1 0016D 00000000
114703 4 3 0016D 00000001
114892 0 3 0026C 00000010
114894 0 1 0006C 00000000
114958 4 3 0006C 00000001
114994 0 1 0006D 00000000
115058 4 3 0006D 00000001
115149 0 2 0026D 00000000
115213 4 3 0026D 00000000
115403 0 1 0015E 00000000
115467 4 3 0015E 00000001
115502 0 1 0016E 00000000
115566 4 3 0016E 00000001
115787 0 3 0026D 00000010
115789 0 1 0006D 00000000
115853 4 3 0006D 00000001
115889 0 1 0006E 00000000
115953 4 3 0006E 00000001
116012 0 2 0026E 00000000
116076 4 3 0026E 00000000
116266 0 3 0025F 00000010
116268 0 1 0015F 00000000
116332 4 3 0015F 00000001
116367 0 1 0016F 00000000
116431 4 3 0016F 00000001
116684 0 3 0026E 00000010
116686 0 1 0006E 00000000
116750 4 3 0006E 00000001
116786 0 1 0006F 00000000
116850 4 3 0006F 00000001
116877 0 2 0026F 00000000
116941 4 3 0026F 00000000
116972 0 1 00070 00000000
117036 4 3 00070 00000001
117072 0 1 00071 00000000
117136 4 3 00071 00000001
117172 0 1 00072 00000000
117236 4 3 00072 00000001
117272 0 1 00073 00000000
117336 4 3 00073 00000001
117372 0 1 00074 00000000
117436 4 3 00074 00000001
117472 0 1 00075 00000000
117536 4 3 00075 00000001
117572 0 1 00076 00000000
117636 4 3 00076 00000001
117646 0 1 00160 00000000
117710 4 3 00160 00000001
117739 0 1 00077 00000000
117803 4 3 00077 00000001
117813 0 1 00170 00000000
117877 4 3 00170 00000001
117906 0 1 00078 00000000
117970 4 3 00078 00000001
118006 0 1 00079 00000000
118070 4 3 00079 00000001
118106 0 1 0007A 00000000
118170 4 3 0007A 00000001
118206 0 1 0007B 00000000
118270 4 3 0007B 00000001
118306 0 1 0007C 00000000
118370 4 3 0007C 00000001
118406 0 1 0007D 00000000
118470 4 3 0007D 00000001
118506 0 1 0007E 00000000
118570 4 3 0007E 00000001
118606 0 1 0007F 00000000
118670 4 3 0007F 00000001
118697 0 2 00270 00000000
118761 4 3 00270 00000000
118785 0 3 00270 00000010
118787 0 1 00070 00000000
118851 4 3 00070 00000001
119053 0 1 00161 00000000
119117 4 3 00161 00000001
119152 0 1 00171 00000000
119216 4 3 00171 00000001
119492 0 2 00271 00000000
119556 4 3 00271 00000000
119612 0 3 00271 00000010
119614 0 1 00071 00000000
119678 4 3 00071 00000001
119848 0 1 00162 00000000
119912 4 3 00162 00000001
119947 0 1 00172 00000000
120011 4 3 00172 00000001
120287 0 2 00272 00000000
120351 4 3 00272 00000000
120439 0 3 00272 00000010
120441 0 1 00072 00000000
120505 4 3 00072 00000001
120643 0 1 00163 00000000
120707 4 3 00163 00000001
120742 0 1 00173 00000000
120806 4 3 00173 00000001
121082 0 2 00273 00000000
121146 4 3 00273 00000000
121266 0 3 00273 00000010
121268 0 1 00073 00000000
121332 4 3 00073 00000001
121438 0 1 00164 00000000
121502 4 3 00164 00000001
121537 0 1 00174 00000000
121601 4 3 00174 00000001
121877 0 2 00274 00000000
121941 4 3 00274 00000000
122093 0 3 00274 00000010
122095 0 1 00074 00000000
122159 4 3 00074 00000001
122233 0 1 00165 00000000
122297 4 3 00165 00000001
122332 0 1 00175 00000000
122396 4 3 00175 00000001
122672 0 2 00275 00000000
122736 4 3 00275 00000000
122920 0 3 00275 00000010
122922 0 1 00075 00000000
122986 4 3 00075 00000001
123028 0 1 00166 00000000
123092 4 3 00166 00000001
123127 0 1 00176 00000000
123191 4 3 00176 00000001
123467 0 2 00276 00000000
123531 4 3 00276 00000000
123747 0 3 00276 00000010
123749 0 1 00076 00000000
123813 4 3 00076 00000001
123823 0 1 00167 00000000
123887 4 3 00167 00000001
123922 0 1 00177 00000000
123986 4 3 00177 00000001
124262 0 2 00277 00000000
124326 4 3 00277 00000000
124548 0 1 00168 00000000
124612 4 3 00168 00000001
124641 0 3 00277 00000010
124643 0 1 00077 00000000
124707 4 3 00077 00000001
124717 0 1 00178 00000000
124781 4 3 00178 00000001
124810 0 1 00078 00000000
124874 4 3 00078 00000001
125125 0 2 00278 00000000
125189 4 3 00278 00000000
125411 0 1 00169 00000000
125475 4 3 00169 00000001
125510 0 1 00179 00000000
125574 4 3 00179 00000001
125603 0 3 00278 00000010
125605 0 1 00078 00000000
125669 4 3 00078 00000001
125705 0 1 00079 00000000
125769 4 3 00079 00000001
125988 0 2 00279 00000000
126052 4 3 00279 00000000
126274 0 1 0016A 00000000
126338 4 3 0016A 00000001
126373 0 1 0017A 00000000
126437 4 3 0017A 00000001
126498 0 3 00279 00000010
126500 0 1 00079 00000000
126564 4 3 00079 00000001
126600 0 1 0007A 00000000
126664 4 3 0007A 00000001
126851 0 2 0027A 00000000
126915 4 3 0027A 00000000
127137 0 1 0016B 00000000
127201 4 3 0016B 00000001
127236 0 1 0017B 00000000
127300 4 3 0017B 00000001
127393 0 3 0027A 00000010
127395 0 1 0007A 00000000
127459 4 3 0007A 00000001
127495 0 1 0007B 00000000
127559 4 3 0007B 00000001
127714 0 2 0027B 00000000
127778 4 3 0027B 00000000
128000 0 1 0016C 00000000
128064 4 3 0016C 00000001
128099 0 1 0017C 00000000
128163 4 3 0017C 00000001
128288 0 3 0027B 00000010
128290 0 1 0007B 00000000
128354 4 3 0007B 00000001
128390 0 1 0007C 00000000
128454 4 3 0007C 00000001
128577 0 2 0027C 00000000
128641 4 3 0027C 00000000
128863 0 1 0016D 00000000
128927 4 3 0016D 00000001
128962 0 1 0017D 00000000
129026 4 3 0017D 00000001
129183 0 3 0027C 00000010
129185 0 1 0007C 00000000
129249 4 3 0007C 00000001
129285 0 1 0007D 00000000
129349 4 3 0007D 00000001
129440 0 2 0027D 00000000
129504 4 3 0027D 00000000
129726 0 1 0016E 00000000
129790 4 3 0016E 00000001
129825 0 1 0017E 00000000
129889 4 3 0017E 00000001
130078 0 3 0027D 00000010
130080 0 1 0007D 00000000
130144 4 3 0007D 00000001
130180 0 1 0007E 00000000
130244 4 3 0007E 00000001
130303 0 2 0027E 00000000
130367 4 3 0027E 00000000
130589 0 3 0026F 00000010
130591 0 1 0016F 00000000
130655 4 3 0016F 00000001
130690 0 1 0017F 00000000
130754 4 3 0017F 00000001
130975 0 3 0027E 00000010
130977 0 1 0007E 00000000
131041 4 3 0007E 00000001
131077 0 1 0007F 00000000
131141 4 3 0007F 00000001
131168 0 2 0027F 00000000
131232 4 3 0027F 00000000
131263 0 1 00080 00000000
131327 4 3 00080 00000001
131363 0 1 00081 00000000
131427 4 3 00081 00000001
131463 0 1 00082 00000000
131527 4 3 00082 00000001
131563 0 1 00083 00000000
131627 4 3 00083 00000001
131663 0 1 00084 00000000
131727 4 3 00084 00000001
131763 0 1 00085 00000000
131827 4 3 00085 00000001
131863 0 1 00086 00000000
131927 4 3 00086 00000001
131963 0 1 00087 00000000
132027 4 3 00087 00000001
132037 0 1 00170 00000000
132101 4 3 00170 00000001
132130 0 1 00088 00000000
132194 4 3 00088 00000001
132204 0 1 00180 00000000
132268 4 3 00180 00000001
132297 0 1 00089 00000000
132361 4 3 00089 00000001
132397 0 1 0008A 00000000
132461 4 3 0008A 00000001
132497 0 1 0008B 00000000
132561 4 3 0008B 00000001
132597 0 1 0008C 00000000
132661 4 3 0008C 00000001
132697 0 1 0008D 00000000
132761 4 3 0008D 00000001
132797 0 1 0008E 00000000
132861 4 3 0008E 00000001
132897 0 1 0008F 00000000
132961 4 3 0008F 00000001
132988 0 2 00280 00000000
133052 4 3 00280 00000000
133076 0 3 00280 00000010
133078 0 1 00080 00000000
133142 4 3 00080 00000001
133376 0 1 00171 00000000
133440 4 3 00171 00000001
133475 0 1 00181 00000000
133539 4 3 00181 00000001
133783 0 2 00281 00000000
133847 4 3 00281 00000000
133903 0 3 00281 00000010
133905 0 1 00081 00000000
133969 4 3 00081 00000001
134171 0 1 00172 00000000
134235 4 3 00172 00000001
134270 0 1 00182 00000000
134334 4 3 00182 00000001
134578 0 2 00282 00000000
134642 4 3 00282 00000000
134730 0 3 00282 00000010
134732 0 1 00082 00000000
134796 4 3 00082 00000001
134966 0 1 00173 00000000
135030 4 3 00173 00000001
135065 0 1 00183 00000000
135129 4 3 00183 00000001
135373 0 2 00283 00000000
135437 4 3 00283 00000000
135557 0 3 00283 00000010
135559 0 1 00083 00000000
135623 4 3 00083 00000001
135761 0 1 00174 00000000
135825 4 3 00174 00000001
135860 0 1 00184 00000000
135924 4 3 00184 00000001
136168 0 2 00284 00000000
136232 4 3 00284 00000000
136384 0 3 00284 00000010
136386 0 1 00084 00000000
136450 4 3 00084 00000001
136556 0 1 00175 00000000
136620 4 3 00175 00000001
136655 0 1 00185 00000000
136719 4 3 00185 00000001
136963 0 2 00285 00000000
137027 4 3 00285 00000000
137211 0 3 00285 00000010
137213 0 1 00085 00000000
137277 4 3 00085 00000001
137351 0 1 00176 00000000
137415 4 3 00176 00000001
137450 0 1 00186 00000000
137514 4 3 00186 00000001
137758 0 2 00286 00000000
137822 4 3 00286 00000000
138038 0 3 00286 00000010
138040 0 1 00086 00000000
138104 4 3 00086 00000001
138146 0 1 00177 00000000
138210 4 3 00177 00000001
138245 0 1 00187 00000000
138309 4 3 00187 00000001
138553 0 2 00287 00000000
138617 4 3 00287 00000000
138865 0 3 00287 00000010
138867 0 1 00087 00000000
138931 4 3 00087 00000001
138941 0 1 00178 00000000
139005 4 3 00178 00000001
139040 0 1 00188 00000000
139104 4 3 00188 00000001
139348 0 2 00288 00000000
139412 4 3 00288 00000000
139666 0 1 00179 00000000
139730 4 3 00179 00000001
139759 0 3 00288 00000010
139761 0 1 00088 00000000
139825 4 3 00088 00000001
139835 0 1 00189 00000000
139899 4 3 00189 00000001
139928 0 1 00089 00000000
139992 4 3 00089 00000001
140211 0 2 00289 00000000
140275 4 3 00289 00000000
140529 0 1 0017A 00000000
140593 4 3 0017A 00000001
140628 0 1 0018A 00000000
140692 4 3 0018A 00000001
140721 0 3 00289 00000010
140723 0 1 00089 00000000
140787 4 3 00089 00000001
140823 0 1 0008A 00000000
140887 4 3 0008A 00000001
141074 0 2 0028A 00000000
141138 4 3 0028A 00000000
141392 0 1 0017B 00000000
141456 4 3 0017B 00000001
141491 0 1 0018B 00000000
141555 4 3 0018B 00000001
141616 0 3 0028A 00000010
141618 0 1 0008A 00000000
141682 4 3 0008A 00000001
141718 0 1 0008B 00000000
141782 4 3 0008B 00000001
141937 0 2 0028B 00000000
142001 4 3 0028B 00000000
142255 0 1 0017C 00000000
142319 4 3 0017C 00000001
142354 0 1 0018C 00000000
142418 4 3 0018C 00000001
142511 0 3 0028B 00000010
142513 0 1 0008B 00000000
142577 4 3 0008B 00000001
142613 0 1 0008C 00000000
142677 4 3 0008C 00000001
142800 0 2 0028C 00000000
142864 4 3 0028C 00000000
143118 0 1 0017D 00000000
143182 4 3 0017D 00000001
143217 0 1 0018D 00000000
143281 4 3 0018D 00000001
143406 0 3 0028C 00000010
143408 0 1 0008C 00000000
143472 4 3 0008C 00000001
143508 0 1 0008D 00000000
143572 4 3 0008D 00000001
143663 0 2 0028D 00000000
143727 4 3 0028D 00000000
143981 0 1 0017E 00000000
144045 4 3 0017E 00000001
144080 0 1 0018E 00000000
144144 4 3 0018E 00000001
144301 0 3 0028D 00000010
144303 0 1 0008D 00000000
144367 4 3 0008D 00000001
144403 0 1 0008E 00000000
144467 4 3 0008E 00000001
144526 0 2 0028E 00000000
144590 4 3 0028E 00000000
144844 0 3 0027F 00000010
144846 0 1 0017F 00000000
144910 4 3 0017F 00000001
144945 0 1 0018F 00000000
145009 4 3 0018F 00000001
145198 0 3 0028E 00000010
145200 0 1 0008E 00000000
145264 4 3 0008E 00000001
145300 0 1 0008F 00000000
145364 4 3 0008F 00000001
145391 0 2 0028F 00000000
145455 4 3 0028F 00000000
145486 0 1 00090 00000000
145550 4 3 00090 00000001
145586 0 1 00091 00000000
145650 4 3 00091 00000001
145686 0 1 00092 00000000
145750 4 3 00092 00000001
145786 0 1 00093 00000000
145850 4 3 00093 00000001
145886 0 1 00094 00000000
145950 4 3 00094 00000001
145986 0 1 00095 00000000
146050 4 3 00095 00000001
146086 0 1 00096 00000000
146150 4 3 00096 00000001
146186 0 1 00097 00000000
146250 4 3 00097 00000001
146286 0 1 00098 00000000
146350 4 3 00098 00000001
146360 0 1 00180 00000000
146424 4 3 00180 00000001
146453 0 1 00099 00000000
146517 4 3 00099 00000001
146527 0 1 00190 00000000
146591 4 3 00190 00000001
146620 0 1 0009A 00000000
146684 4 3 0009A 00000001
146720 0 1 0009B 00000000
146784 4 3 0009B 00000001
146820 0 1 0009C 00000000
146884 4 3 0009C 00000001
146920 0 1 0009D 00000000
146984 4 3 0009D 00000001
147020 0 1 0009E 00000000
147084 4 3 0009E 00000001
147120 0 1 0009F 00000000
147184 4 3 0009F 00000001
147211 0 2 00290 00000000
147275 4 3 00290 00000000
147299 0 3 00290 00000010
147301 0 1 00090 00000000
147365 4 3 00090 00000001
147631 0 1 00181 00000000
147695 4 3 00181 00000001
147730 0 1 00191 00000000
147794 4 3 00191 00000001
148006 0 2 00291 00000000
148070 4 3 00291 00000000
148126 0 3 00291 00000010
148128 0 1 00091 00000000
148192 4 3 00091 00000001
148426 0 1 00182 00000000
148490 4 3 00182 00000001
148525 0 1 00192 00000000
148589 4 3 00192 00000001
148801 0 2 00292 00000000
148865 4 3 00292 00000000
148953 0 3 00292 00000010
148955 0 1 00092 00000000
149019 4 3 00092 00000001
149221 0 1 00183 00000000
149285 4 3 00183 00000001
149320 0 1 00193 00000000
149384 4 3 00193 00000001
149596 0 2 00293 00000000
149660 4 3 00293 00000000
149780 0 3 00293 00000010
149782 0 1 00093 00000000
149846 4 3 00093 00000001
150016 0 1 00184 00000000
150080 4 3 00184 00000001
150115 0 1 00194 00000000
150179 4 3 00194 00000001
150391 0 2 00294 00000000
150455 4 3 00294 00000000
150607 0 3 00294 00000010
150609 0 1 00094 00000000
150673 4 3 00094 00000001
150811 0 1 00185 00000000
150875 4 3 00185 00000001
150910 0 1 00195 00000000
150974 4 3 00195 00000001
151186 0 2 00295 00000000
151250 4 3 00295 00000000
151434 0 3 00295 00000010
151436 0 1 00095 00000000
151500 4 3 00095 00000001
151606 0 1 00186 00000000
151670 4 3 00186 00000001
151705 0 1 00196 00000000
151769 4 3 00196 00000001
151981 0 2 00296 00000000
152045 4 3 00296 00000000
152261 0 3 00296 00000010
152263 0 1 00096 00000000
152327 4 3 00096 00000001
152401 0 1 00187 00000000
152465 4 3 00187 00000001
152500 0 1 00197 00000000
152564 4 3 00197 00000001
152776 0 2 00297 00000000
152840 4 3 00297 00000000
153088 0 3 00297 00000010
153090 0 1 00097 00000000
153154 4 3 00097 00000001
153196 0 1 00188 00000000
153260 4 3 00188 00000001
153295 0 1 00198 00000000
153359 4 3 00198 00000001
153571 0 2 00298 00000000
153635 4 3 00298 00000000
153915 0 3 00298 00000010
153917 0 1 00098 00000000
153981 4 3 00098 00000001
153991 0 1 00189 00000000
154055 4 3 00189 00000001
154090 0 1 00199 00000000
154154 4 3 00199 00000001
154366 0 2 00299 00000000
154430 4 3 00299 00000000
154716 0 1 0018A 00000000
154780 4 3 0018A 00000001
154809 0 3 00299 00000010
154811 0 1 00099 00000000
154875 4 3 00099 00000001
154885 0 1 0019A 00000000
154949 4 3 0019A 00000001
154978 0 1 0009A 00000000
155042 4 3 0009A 00000001
155229 0 2 0029A 00000000
155293 4 3 0029A 00000000
155579 0 1 0018B 00000000
155643 4 3 0018B 00000001
155678 0 1 0019B 00000000
155742 4 3 0019B 00000001
155771 0 3 0029A 00000010
155773 0 1 0009A 00000000
155837 4 3 0009A 00000001
155873 0 1 0009B 00000000
155937 4 3 0009B 00000001
156092 0 2 0029B 00000000
156156 4 3 0029B 00000000
156442 0 1 0018C 00000000
156506 4 3 0018C 00000001
156541 0 1 0019C 00000000
156605 4 3 0019C 00000001
156666 0 3 0029B 00000010
156668 0 1 0009B 00000000
156732 4 3 0009B 00000001
156768 0 1 0009C 00000000
156832 4 3 0009C 00000001
156955 0 2 0029C 00000000
157019 4 3 0029C 00000000
157305 0 1 0018D 00000000
157369 4 3 0018D 00000001
157404 0 1 0019D 00000000
157468 4 3 0019D 00000001
157561 0 3 0029C 00000010
157563 0 1 0009C 00000000
157627 4 3 0009C 00000001
157663 0 1 0009D 00000000
157727 4 3 0009D 00000001
157818 0 2 0029D 00000000
157882 4 3 0029D 00000000
158168 0 1 0018E 00000000
158232 4 3 0018E 00000001
158267 0 1 0019E 00000000
158331 4 3 0019E 00000001
158456 0 3 0029D 00000010
158458 0 1 0009D 00000000
158522 4 3 0009D 00000001
158558 0 1 0009E 00000000
158622 4 3 0009E 00000001
158681 0 2 0029E 00000000
158745 4 3 0029E 00000000
159031 0 3 0028F 00000010
159033 0 1 0018F 00000000
159097 4 3 0018F 00000001
159132 0 1 0019F 00000000
159196 4 3 0019F 00000001
159353 0 3 0029E 00000010
159355 0 1 0009E 00000000
159419 4 3 0009E 00000001
159455 0 1 0009F 00000000
159519 4 3 0009F 00000001
159546 0 2 0029F 00000000
159610 4 3 0029F 00000000
159641 0 1 000A0 00000000
159705 4 3 000A0 00000001
159741 0 1 000A1 00000000
159805 4 3 000A1 00000001
159841 0 1 000A2 00000000
159905 4 3 000A2 00000001
159941 0 1 000A3 00000000
160005 4 3 000A3 00000001
160041 0 1 000A4 00000000
160105 4 3 000A4 00000001
160141 0 1 000A5 00000000
160205 4 3 000A5 00000001
160241 0 1 000A6 00000000
160305 4 3 000A6 00000001
160341 0 1 000A7 00000000
160405 4 3 000A7 00000001
160441 0 1 000A8 00000000
160505 4 3 000A8 00000001
160541 0 1 000A9 00000000
160605 4 3 000A9 00000001
160615 0 1 00190 00000000
160679 4 3 00190 00000001
160708 0 1 000AA 00000000
160772 4 3 000AA 00000001
160782 0 1 001A0 00000000
160846 4 3 001A0 00000001
160875 0 1 000AB 00000000
160939 4 3 000AB 00000001
160975 0 1 000AC 00000000
161039 4 3 000AC 00000001
161075 0 1 000AD 00000000
161139 4 3 000AD 00000001
161175 0 1 000AE 00000000
161239 4 3 000AE 00000001
161275 0 1 000AF 00000000
161339 4 3 000AF 00000001
161366 0 2 002A0 00000000
161430 4 3 002A0 00000000
161454 0 3 002A0 00000010
161456 0 1 000A0 00000000
161520 4 3 000A0 00000001
161818 0 1 00191 00000000
161882 4 3 00191 00000001
161917 0 1 001A1 00000000
161981 4 3 001A1 00000001
162161 0 2 002A1 00000000
162225 4 3 002A1 00000000
162281 0 3 002A1 00000010
162283 0 1 000A1 00000000
162347 4 3 000A1 00000001
162613 0 1 00192 00000000
162677 4 3 00192 00000001
162712 0 1 001A2 00000000
162776 4 3 001A2 00000001
162956 0 2 002A2 00000000
163020 4 3 002A2 00000000
163108 0 3 002A2 00000010
163110 0 1 000A2 00000000
163174 4 3 000A2 00000001
163408 0 1 00193 00000000
163472 4 3 00193 00000001
163507 0 1 001A3 00000000
163571 4 3 001A3 00000001
163751 0 2 002A3 00000000
163815 4 3 002A3 00000000
163935 0 3 002A3 00000010
163937 0 1 000A3 00000000
164001 4 3 000A3 00000001
164203 0 1 00194 00000000
164267 4 3 00194 00000001
164302 0 1 001A4 00000000
164366 4 3 001A4 00000001
164546 0 2 002A4 00000000
164610 4 3 002A4 00000000
164762 0 3 002A4 00000010
164764 0 1 000A4 00000000
164828 4 3 000A4 00000001
164998 0 1 00195 00000000
165062 4 3 00195 00000001
165097 0 1 001A5 00000000
165161 4 3 001A5 00000001
165341 0 2 002A5 00000000
165405 4 3 002A5 00000000
165589 0 3 002A5 00000010
165591 0 1 000A5 00000000
165655 4 3 000A5 00000001
165793 0 1 00196 00000000
165857 4 3 00196 00000001
165892 0 1 001A6 00000000
165956 4 3 001A6 00000001
166136 0 2 002A6 00000000
166200 4 3 002A6 00000000
166416 0 3 002A6 00000010
166418 0 1 000A6 00000000
166482 4 3 000A6 00000001
166588 0 1 00197 00000000
166652 4 3 00197 00000001
166687 0 1 001A7 00000000
166751 4 3 001A7 00000001
166931 0 2 002A7 00000000
166995 4 3 002A7 00000000
167243 0 3 002A7 00000010
167245 0 1 000A7 00000000
167309 4 3 000A7 00000001
167383 0 1 00198 00000000
167447 4 3 00198 00000001
167482 0 1 001A8 00000000
167546 4 3 001A8 00000001
167726 0 2 002A8 00000000
167790 4 3 002A8 00000000
168070 0 3 002A8 00000010
168072 0 1 000A8 00000000
168136 4 3 000A8 00000001
168178 0 1 00199 00000000
168242 4 3 00199 00000001
168277 0 1 001A9 00000000
168341 4 3 001A9 00000001
168521 0 2 002A9 00000000
168585 4 3 002A9 00000000
168897 0 3 002A9 00000010
168899 0 1 000A9 00000000
168963 4 3 000A9 00000001
168973 0 1 0019A 00000000
169037 4 3 0019A 00000001
169072 0 1 001AA 00000000
169136 4 3 001AA 00000001
169316 0 2 002AA 00000000
169380 4 3 002AA 00000000
169698 0 1 0019B 00000000
169762 4 3 0019B 00000001
169791 0 3 002AA 00000010
169793 0 1 000AA 00000000
169857 4 3 000AA 00000001
169867 0 1 001AB 00000000
169931 4 3 001AB 00000001
169960 0 1 000AB 00000000
170024 4 3 000AB 00000001
170179 0 2 002AB 00000000
170243 4 3 002AB 00000000
170561 0 1 0019C 00000000
170625 4 3 0019C 00000001
170660 0 1 001AC 00000000
170724 4 3 001AC 00000001
170753 0 3 002AB 00000010
170755 0 1 000AB 00000000
170819 4 3 000AB 00000001
170855 0 1 000AC 00000000
170919 4 3 000AC 00000001
171042 0 2 002AC 00000000
171106 4 3 002AC 00000000
171424 0 1 0019D 00000000
171488 4 3 0019D 00000001
171523 0 1 001AD 00000000
171587 4 3 001AD 00000001
171648 0 3 002AC 00000010
171650 0 1 000AC 00000000
171714 4 3 000AC 00000001
171750 0 1 000AD 00000000
171814 4 3 000AD 00000001
171905 0 2 002AD 00000000
171969 4 3 002AD 00000000
172287 0 1 0019E 00000000
172351 4 3 0019E 00000001
172386 0 1 001AE 00000000
172450 4 3 001AE 00000001
172543 0 3 002AD 00000010
172545 0 1 000AD 00000000
172609 4 3 000AD 00000001
172645 0 1 000AE 00000000
172709 4 3 000AE 00000001
172768 0 2 002AE 00000000
172832 4 3 002AE 00000000
173150 0 3 0029F 00000010
173152 0 1 0019F 00000000
173216 4 3 0019F 00000001
173251 0 1 001AF 00000000
173315 4 3 001AF 00000001
173440 0 3 002AE 00000010
173442 0 1 000AE 00000000
173506 4 3 000AE 00000001
173542 0 1 000AF 00000000
173606 4 3 000AF 00000001
173633 0 2 002AF 00000000
173697 4 3 002AF 00000000
173728 0 1 000B0 00000000
173792 4 3 000B0 00000001
173828 0 1 000B1 00000000
173892 4 3 000B1 00000001
173928 0 1 000B2 00000000
173992 4 3 000B2 00000001
174028 0 1 000B3 00000000
174092 4 3 000B3 00000001
174128 0 1 000B4 00000000
174192 4 3 000B4 00000001
174228 0 1 000B5 00000000
174292 4 3 000B5 00000001
174328 0 1 000B6 00000000
174392 4 3 000B6 00000001
174428 0 1 000B7 00000000
174492 4 3 000B7 00000001
174528 0 1 000B8 00000000
174592 4 3 000B8 00000001
174628 0 1 000B9 00000000
174692 4 3 000B9 00000001
174728 0 1 000BA 00000000
174792 4 3 000BA 00000001
174802 0 1 001A0 00000000
174866 4 3 001A0 00000001
174895 0 1 000BB 00000000
174959 4 3 000BB 00000001
174969 0 1 001B0 00000000
175033 4 3 001B0 00000001
175062 0 1 000BC 00000000
175126 4 3 000BC 00000001
175162 0 1 000BD 00000000
175226 4 3 000BD 00000001
175262 0 1 000BE 00000000
175326 4 3 000BE 00000001
175362 0 1 000BF 00000000
175426 4 3 000BF 00000001
175453 0 2 002B0 00000000
175517 4 3 002B0 00000000
175541 0 3 002B0 00000010
175543 0 1 000B0 00000000
175607 4 3 000B0 00000001
175937 0 1 001A1 00000000
176001 4 3 001A1 00000001
176036 0 1 001B1 00000000
176100 4 3 001B1 00000001
176248 0 2 002B1 00000000
176312 4 3 002B1 00000000
176368 0 3 002B1 00000010
176370 0 1 000B1 00000000
176434 4 3 000B1 00000001
176732 0 1 001A2 00000000
176796 4 3 001A2 00000001
176831 0 1 001B2 00000000
176895 4 3 001B2 00000001
177043 0 2 002B2 00000000
177107 4 3 002B2 00000000
177195 0 3 002B2 00000010
177197 0 1 000B2 00000000
177261 4 3 000B2 00000001
177527 0 1 001A3 00000000
177591 4 3 001A3 00000001
177626 0 1 001B3 00000000
177690 4 3 001B3 00000001
177838 0 2 002B3 00000000
177902 4 3 002B3 00000000
178022 0 3 002B3 00000010
178024 0 1 000B3 00000000
178088 4 3 000B3 00000001
178322 0 1 001A4 00000000
178386 4 3 001A4 00000001
178421 0 1 001B4 00000000
178485 4 3 001B4 00000001
178633 0 2 002B4 00000000
178697 4 3 002B4 00000000
178849 0 3 002B4 00000010
178851 0 1 000B4 00000000
178915 4 3 000B4 00000001
179117 0 1 001A5 00000000
179181 4 3 001A5 00000001
179216 0 1 001B5 00000000
179280 4 3 001B5 00000001
179428 0 2 002B5 00000000
179492 4 3 002B5 00000000
179676 0 3 002B5 00000010
179678 0 1 000B5 00000000
179742 4 3 000B5 00000001
179912 0 1 001A6 00000000
179976 4 3 001A6 00000001
180011 0 1 001B6 00000000
180075 4 3 001B6 00000001
180223 0 2 002B6 00000000
180287 4 3 002B6 00000000
180503 0 3 002B6 00000010
180505 0 1 000B6 00000000
180569 4 3 000B6 00000001
180707 0 1 001A7 00000000
180771 4 3 001A7 00000001
180806 0 1 001B7 00000000
180870 4 3 001B7 00000001
181018 0 2 002B7 00000000
181082 4 3 002B7 00000000
181330 0 3 002B7 00000010
181332 0 1 000B7 00000000
181396 4 3 000B7 00000001
181502 0 1 001A8 00000000
181566 4 3 001A8 00000001
181601 0 1 001B8 00000000
181665 4 3 001B8 00000001
181813 0 2 002B8 00000000
181877 4 3 002B8 00000000
182157 0 3 002B8 00000010
182159 0 1 000B8 00000000
182223 4 3 000B8 00000001
182297 0 1 001A9 00000000
182361 4 3 001A9 00000001
182396 0 1 001B9 00000000
182460 4 3 001B9 00000001
182608 0 2 002B9 00000000
182672 4 3 002B9 00000000
182984 0 3 002B9 00000010
182986 0 1 000B9 00000000
183050 4 3 000B9 00000001
183092 0 1 001AA 00000000
183156 4 3 001AA 00000001
183191 0 1 001BA 00000000
183255 4 3 001BA 00000001
183403 0 2 002BA 00000000
183467 4 3 002BA 00000000
183811 0 3 002BA 00000010
183813 0 1 000BA 00000000
183877 4 3 000BA 00000001
183887 0 1 001AB 00000000
183951 4 3 001AB 00000001
183986 0 1 001BB 00000000
184050 4 3 001BB 00000001
184198 0 2 002BB 00000000
184262 4 3 002BB 00000000
184612 0 1 001AC 00000000
184676 4 3 001AC 00000001
184705 0 3 002BB 00000010
184707 0 1 000BB 00000000
184771 4 3 000BB 00000001
184781 0 1 001BC 00000000
184845 4 3 001BC 00000001
184874 0 1 000BC 00000000
184938 4 3 000BC 00000001
185061 0 2 002BC 00000000
185125 4 3 002BC 00000000
185475 0 1 001AD 00000000
185539 4 3 001AD 00000001
185574 0 1 001BD 00000000
185638 4 3 001BD 00000001
185667 0 3 002BC 00000010
185669 0 1 000BC 00000000
185733 4 3 000BC 00000001
185769 0 1 000BD 00000000
185833 4 3 000BD 00000001
185924 0 2 002BD 00000000
185988 4 3 002BD 00000000
186338 0 1 001AE 00000000
186402 4 3 001AE 00000001
186437 0 1 001BE 00000000
186501 4 3 001BE 00000001
186562 0 3 002BD 00000010
186564 0 1 000BD 00000000
186628 4 3 000BD 00000001
186664 0 1 000BE 00000000
186728 4 3 000BE 00000001
186787 0 2 002BE 00000000
186851 4 3 002BE 00000000
187201 0 3 002AF 00000010
187203 0 1 001AF 00000000
187267 4 3 001AF 00000001
187302 0 1 001BF 00000000
187366 4 3 001BF 00000001
187459 0 3 002BE 00000010
187461 0 1 000BE 00000000
187525 4 3 000BE 00000001
187561 0 1 000BF 00000000
187625 4 3 000BF 00000001
187652 0 2 002BF 00000000
187716 4 3 002BF 00000000
187747 0 1 000C0 00000000
187811 4 3 000C0 00000001
187847 0 1 000C1 00000000
187911 4 3 000C1 00000001
187947 0 1 000C2 00000000
188011 4 3 000C2 00000001
188047 0 1 000C3 00000000
188111 4 3 000C3 00000001
188147 0 1 000C4 00000000
188211 4 3 000C4 00000001
188247 0 1 000C5 00000000
188311 4 3 000C5 00000001
188347 0 1 000C6 00000000
188411 4 3 000C6 00000001
188447 0 1 000C7 00000000
188511 4 3 000C7 00000001
188547 0 1 000C8 00000000
188611 4 3 000C8 00000001
188647 0 1 000C9 00000000
188711 4 3 000C9 00000001
188747 0 1 000CA 00000000
188811 4 3 000CA 00000001
188847 0 1 000CB 00000000
188911 4 3 000CB 00000001
188921 0 1 001B0 00000000
188985 4 3 001B0 00000001
189014 0 1 000CC 00000000
189078 4 3 000CC 00000001
189088 0 1 001C0 00000000
189152 4 3 001C0 00000001
189181 0 1 000CD 00000000
189245 4 3 000CD 00000001
189281 0 1 000CE 00000000
189345 4 3 000CE 00000001
189381 0 1 000CF 00000000
189445 4 3 000CF 00000001
189472 0 2 002C0 00000000
189536 4 3 002C0 00000000
189560 0 3 002C0 00000010
189562 0 1 000C0 00000000
189626 4 3 000C0 00000001
189988 0 1 001B1 00000000
190052 4 3 001B1 00000001
190087 0 1 001C1 00000000
190151 4 3 001C1 00000001
190267 0 2 002C1 00000000
190331 4 3 002C1 00000000
190387 0 3 002C1 00000010
190389 0 1 000C1 00000000
190453 4 3 000C1 00000001
190783 0 1 001B2 00000000
190847 4 3 001B2 00000001
190882 0 1 001C2 00000000
190946 4 3 001C2 00000001
191062 0 2 002C2 00000000
191126 4 3 002C2 00000000
191214 0 3 002C2 00000010
191216 0 1 000C2 00000000
191280 4 3 000C2 00000001
191578 0 1 001B3 00000000
191642 4 3 001B3 00000001
191677 0 1 001C3 00000000
191741 4 3 001C3 00000001
191857 0 2 002C3 00000000
191921 4 3 002C3 00000000
192041 0 3 002C3 00000010
192043 0 1 000C3 00000000
192107 4 3 000C3 00000001
192373 0 1 001B4 00000000
192437 4 3 001B4 00000001
192472 0 1 001C4 00000000
192536 4 3 001C4 00000001
192652 0 2 002C4 00000000
192716 4 3 002C4 00000000
192868 0 3 002C4 00000010
192870 0 1 000C4 00000000
192934 4 3 000C4 00000001
193168 0 1 001B5 00000000
193232 4 3 001B5 00000001
193267 0 1 001C5 00000000
193331 4 3 001C5 00000001
193447 0 2 002C5 00000000
193511 4 3 002C5 00000000
193695 0 3 002C5 00000010
193697 0 1 000C5 00000000
193761 4 3 000C5 00000001
193963 0 1 001B6 00000000
194027 4 3 001B6 00000001
194062 0 1 001C6 00000000
194126 4 3 001C6 00000001
194242 0 2 002C6 00000000
194306 4 3 002C6 00000000
194522 0 3 002C6 00000010
194524 0 1 000C6 00000000
194588 4 3 000C6 00000001
194758 0 1 001B7 00000000
194822 4 3 001B7 00000001
194857 0 1 001C7 00000000
194921 4 3 001C7 00000001
195037 0 2 002C7 00000000
195101 4 3 002C7 00000000
195349 0 3 002C7 00000010
195351 0 1 000C7 00000000
195415 4 3 000C7 00000001
195553 0 1 001B8 00000000
195617 4 3 001B8 00000001
195652 0 1 001C8 00000000
195716 4 3 001C8 00000001
195832 0 2 002C8 00000000
195896 4 3 002C8 00000000
196176 0 3 002C8 00000010
196178 0 1 000C8 00000000
196242 4 3 000C8 00000001
196348 0 1 001B9 00000000
196412 4 3 001B9 00000001
196447 0 1 001C9 00000000
196511 4 3 001C9 00000001
196627 0 2 002C9 00000000
196691 4 3 002C9 00000000
197003 0 3 002C9 00000010
197005 0 1 000C9 00000000
197069 4 3 000C9 00000001
197143 0 1 001BA 00000000
197207 4 3 001BA 00000001
197242 0 1 001CA 00000000
197306 4 3 001CA 00000001
197422 0 2 002CA 00000000
197486 4 3 002CA 00000000
197830 0 3 002CA 00000010
197832 0 1 000CA 00000000
197896 4 3 000CA 00000001
197938 0 1 001BB 00000000
198002 4 3 001BB 00000001
198037 0 1 001CB 00000000
198101 4 3 001CB 00000001
198217 0 2 002CB 00000000
198281 4 3 002CB 00000000
198657 0 3 002CB 00000010
198659 0 1 000CB 00000000
198723 4 3 000CB 00000001
198733 0 1 001BC 00000000
198797 4 3 001BC 00000001
198832 0 1 001CC 00000000
198896 4 3 001CC 00000001
199012 0 2 002CC 00000000
199076 4 3 002CC 00000000
199458 0 1 001BD 00000000
199522 4 3 001BD 00000001
199551 0 3 002CC 00000010
199553 0 1 000CC 00000000
199617 4 3 000CC 00000001
199627 0 1 001CD 00000000
199691 4 3 001CD 00000001
199720 0 1 000CD 00000000
199784 4 3 000CD 00000001
199875 0 2 002CD 00000000
199939 4 3 002CD 00000000
200321 0 1 001BE 00000000
200385 4 3 001BE 00000001
200420 0 1 001CE 00000000
200484 4 3 001CE 00000001
200513 0 3 002CD 00000010
200515 0 1 000CD 00000000
200579 4 3 000CD 00000001
200615 0 1 000CE 00000000
200679 4 3 000CE 00000001
200738 0 2 002CE 00000000
200802 4 3 002CE 00000000
201184 0 3 002BF 00000010
201186 0 1 001BF 00000000
201250 4 3 001BF 00000001
201285 0 1 001CF 00000000
201349 4 3 001CF 00000001
201410 0 3 002CE 00000010
201412 0 1 000CE 00000000
201476 4 3 000CE 00000001
201512 0 1 000CF 00000000
201576 4 3 000CF 00000001
201603 0 2 002CF 00000000
201667 4 3 002CF 00000000
201698 0 1 000D0 00000000
201762 4 3 000D0 00000001
201798 0 1 000D1 00000000
201862 4 3 000D1 00000001
201898 0 1 000D2 00000000
201962 4 3 000D2 00000001
201998 0 1 000D3 00000000
202062 4 3 000D3 00000001
202098 0 1 000D4 00000000
202162 4 3 000D4 00000001
202198 0 1 000D5 00000000
202262 4 3 000D5 00000001
202298 0 1 000D6 00000000
202362 4 3 000D6 00000001
202398 0 1 000D7 00000000
202462 4 3 000D7 00000001
202498 0 1 000D8 00000000
202562 4 3 000D8 00000001
202598 0 1 000D9 00000000
202662 4 3 000D9 00000001
202698 0 1 000DA 00000000
202762 4 3 000DA 00000001
202798 0 1 000DB 00000000
202862 4 3 000DB 00000001
202898 0 1 000DC 00000000
202962 4 3 000DC 00000001
202972 0 1 001C0 00000000
203036 4 3 001C0 00000001
203065 0 1 000DD 00000000
203129 4 3 000DD 00000001
203139 0 1 001D0 00000000
203203 4 3 001D0 00000001
203232 0 1 000DE 00000000
203296 4 3 000DE 00000001
203332 0 1 000DF 00000000
203396 4 3 000DF 00000001
203423 0 2 002D0 00000000
203487 4 3 002D0 00000000
203511 0 3 002D0 00000010
203513 0 1 000D0 00000000
203577 4 3 000D0 00000001
203971 0 1 001C1 00000000
204035 4 3 001C1 00000001
204070 0 1 001D1 00000000
204134 4 3 001D1 00000001
204218 0 2 002D1 00000000
204282 4 3 002D1 00000000
204338 0 3 002D1 00000010
204340 0 1 000D1 00000000
204404 4 3 000D1 00000001
204766 0 1 001C2 00000000
204830 4 3 001C2 00000001
204865 0 1 001D2 00000000
204929 4 3 001D2 00000001
205013 0 2 002D2 00000000
205077 4 3 002D2 00000000
205165 0 3 002D2 00000010
205167 0 1 000D2 00000000
205231 4 3 000D2 00000001
205561 0 1 001C3 00000000
205625 4 3 001C3 00000001
205660 0 1 001D3 00000000
205724 4 3 001D3 00000001
205808 0 2 002D3 00000000
205872 4 3 002D3 00000000
205992 0 3 002D3 00000010
205994 0 1 000D3 00000000
206058 4 3 000D3 00000001
206356 0 1 001C4 00000000
206420 4 3 001C4 00000001
206455 0 1 001D4 00000000
206519 4 3 001D4 00000001
206603 0 2 002D4 00000000
206667 4 3 002D4 00000000
206819 0 3 002D4 00000010
206821 0 1 000D4 00000000
206885 4 3 000D4 00000001
207151 0 1 001C5 00000000
207215 4 3 001C5 00000001
207250 0 1 001D5 00000000
207314 4 3 001D5 00000001
207398 0 2 002D5 00000000
207462 4 3 002D5 00000000
207646 0 3 002D5 00000010
207648 0 1 000D5 00000000
207712 4 3 000D5 00000001
207946 0 1 001C6 00000000
208010 4 3 001C6 00000001
208045 0 1 001D6 00000000
208109 4 3 001D6 00000001
208193 0 2 002D6 00000000
208257 4 3 002D6 00000000
208473 0 3 002D6 00000010
208475 0 1 000D6 00000000
208539 4 3 000D6 00000001
208741 0 1 001C7 00000000
208805 4 3 001C7 00000001
208840 0 1 001D7 00000000
208904 4 3 001D7 00000001
208988 0 2 002D7 00000000
209052 4 3 002D7 00000000
209300 0 3 002D7 00000010
209302 0 1 000D7 00000000
209366 4 3 000D7 00000001
209536 0 1 001C8 00000000
209600 4 3 001C8 00000001
209635 0 1 001D8 00000000
209699 4 3 001D8 00000001
209783 0 2 002D8 00000000
209847 4 3 002D8 00000000
210127 0 3 002D8 00000010
210129 0 1 000D8 00000000
210193 4 3 000D8 00000001
210331 0 1 001C9 00000000
210395 4 3 001C9 00000001
210430 0 1 001D9 00000000
210494 4 3 001D9 00000001
210578 0 2 002D9 00000000
210642 4 3 002D9 00000000
210954 0 3 002D9 00000010
210956 0 1 000D9 00000000
211020 4 3 000D9 00000001
211126 0 1 001CA 00000000
211190 4 3 001CA 00000001
211225 0 1 001DA 00000000
211289 4 3 001DA 00000001
211373 0 2 002DA 00000000
211437 4 3 002DA 00000000
211781 0 3 002DA 00000010
211783 0 1 000DA 00000000
211847 4 3 000DA 00000001
211921 0 1 001CB 00000000
211985 4 3 001CB 00000001
212020 0 1 001DB 00000000
212084 4 3 001DB 00000001
212168 0 2 002DB 00000000
212232 4 3 002DB 00000000
212608 0 3 002DB 00000010
212610 0 1 000DB 00000000
212674 4 3 000DB 00000001
212716 0 1 001CC 00000000
212780 4 3 001CC 00000001
212815 0 1 001DC 00000000
212879 4 3 001DC 00000001
212963 0 2 002DC 00000000
213027 4 3 002DC 00000000
213435 0 3 002DC 00000010
213437 0 1 000DC 00000000
213501 4 3 000DC 00000001
213511 0 1 001CD 00000000
213575 4 3 001CD 00000001
213610 0 1 001DD 00000000
213674 4 3 001DD 00000001
213758 0 2 002DD 00000000
213822 4 3 002DD 00000000
214236 0 1 001CE 00000000
214300 4 3 001CE 00000001
214329 0 3 002DD 00000010
214331 0 1 000DD 00000000
214395 4 3 000DD 00000001
214405 0 1 001DE 00000000
214469 4 3 001DE 00000001
214498 0 1 000DE 00000000
214562 4 3 000DE 00000001
214621 0 2 002DE 00000000
214685 4 3 002DE 00000000
215099 0 3 002CF 00000010
215101 0 1 001CF 00000000
215165 4 3 001CF 00000001
215200 0 1 001DF 00000000
215264 4 3 001DF 00000001
215293 0 3 002DE 00000010
215295 0 1 000DE 00000000
215359 4 3 000DE 00000001
215395 0 1 000DF 00000000
215459 4 3 000DF 00000001
215486 0 2 002DF 00000000
215550 4 3 002DF 00000000
215581 0 1 000E0 00000000
215645 4 3 000E0 00000001
215681 0 1 000E1 00000000
215745 4 3 000E1 00000001
215781 0 1 000E2 00000000
215845 4 3 000E2 00000001
215881 0 1 000E3 00000000
215945 4 3 000E3 00000001
215981 0 1 000E4 00000000
216045 4 3 000E4 00000001
216081 0 1 000E5 00000000
216145 4 3 000E5 00000001
216181 0 1 000E6 00000000
216245 4 3 000E6 00000001
216281 0 1 000E7 00000000
216345 4 3 000E7 00000001
216381 0 1 000E8 00000000
216445 4 3 000E8 00000001
216481 0 1 000E9 00000000
216545 4 3 000E9 00000001
216581 0 1 000EA 00000000
216645 4 3 000EA 00000001
216681 0 1 000EB 00000000
216745 4 3 000EB 00000001
216781 0 1 000EC 00000000
216845 4 3 000EC 00000001
216881 0 1 000ED 00000000
216945 4 3 000ED 00000001
216955 0 1 001D0 00000000
217019 4 3 001D0 00000001
217048 0 1 000EE 00000000
217112 4 3 000EE 00000001
217122 0 1 001E0 00000000
217186 4 3 001E0 00000001
217215 0 1 000EF 00000000
217279 4 3 000EF 00000001
217306 0 2 002E0 00000000
217370 4 3 002E0 00000000
217394 0 3 002E0 00000010
217396 0 1 000E0 00000000
217460 4 3 000E0 00000001
217886 0 1 001D1 00000000
217950 4 3 001D1 00000001
217985 0 1 001E1 00000000
218049 4 3 001E1 00000001
218101 0 2 002E1 00000000
218165 4 3 002E1 00000000
218221 0 3 002E1 00000010
218223 0 1 000E1 00000000
218287 4 3 000E1 00000001
218681 0 1 001D2 00000000
218745 4 3 001D2 00000001
218780 0 1 001E2 00000000
218844 4 3 001E2 00000001
218896 0 2 002E2 00000000
218960 4 3 002E2 00000000
219048 0 3 002E2 00000010
219050 0 1 000E2 00000000
219114 4 3 000E2 00000001
219476 0 1 001D3 00000000
219540 4 3 001D3 00000001
219575 0 1 001E3 00000000
219639 4 3 001E3 00000001
219691 0 2 002E3 00000000
219755 4 3 002E3 00000000
219875 0 3 002E3 00000010
219877 0 1 000E3 00000000
219941 4 3 000E3 00000001
220271 0 1 001D4 00000000
220335 4 3 001D4 00000001
220370 0 1 001E4 00000000
220434 4 3 001E4 00000001
220486 0 2 002E4 00000000
220550 4 3 002E4 00000000
220702 0 3 002E4 00000010
220704 0 1 000E4 00000000
220768 4 3 000E4 00000001
221066 0 1 001D5 00000000
221130 4 3 001D5 00000001
221165 0 1 001E5 00000000
221229 4 3 001E5 00000001
221281 0 2 002E5 00000000
221345 4 3 002E5 00000000
221529 0 3 002E5 00000010
221531 0 1 000E5 00000000
221595 4 3 000E5 00000001
221861 0 1 001D6 00000000
221925 4 3 001D6 00000001
221960 0 1 001E6 00000000
222024 4 3 001E6 00000001
222076 0 2 002E6 00000000
222140 4 3 002E6 00000000
222356 0 3 002E6 00000010
222358 0 1 000E6 00000000
222422 4 3 000E6 00000001
222656 0 1 001D7 00000000
222720 4 3 001D7 00000001
222755 0 1 001E7 00000000
222819 4 3 001E7 00000001
222871 0 2 002E7 00000000
222935 4 3 002E7 00000000
223183 0 3 002E7 00000010
223185 0 1 000E7 00000000
223249 4 3 000E7 00000001
223451 0 1 001D8 00000000
223515 4 3 001D8 00000001
223550 0 1 001E8 00000000
223614 4 3 001E8 00000001
223666 0 2 002E8 00000000
223730 4 3 002E8 00000000
224010 0 3 002E8 00000010
224012 0 1 000E8 00000000
224076 4 3 000E8 00000001
224246 0 1 001D9 00000000
224310 4 3 001D9 00000001
224345 0 1 001E9 00000000
224409 4 3 001E9 00000001
224461 0 2 002E9 00000000
224525 4 3 002E9 00000000
224837 0 3 002E9 00000010
224839 0 1 000E9 00000000
224903 4 3 000E9 00000001
225041 0 1 001DA 00000000
225105 4 3 001DA 00000001
225140 0 1 001EA 00000000
225204 4 3 001EA 00000001
225256 0 2 002EA 00000000
225320 4 3 002EA 00000000
225664 0 3 002EA 00000010
225666 0 1 000EA 00000000
225730 4 3 000EA 00000001
225836 0 1 001DB 00000000
225900 4 3 001DB 00000001
225935 0 1 001EB 00000000
225999 4 3 001EB 00000001
226051 0 2 002EB 00000000
226115 4 3 002EB 00000000
226491 0 3 002EB 00000010
226493 0 1 000EB 00000000
226557 4 3 000EB 00000001
226631 0 1 001DC 00000000
226695 4 3 001DC 00000001
226730 0 1 001EC 00000000
226794 4 3 001EC 00000001
226846 0 2 002EC 00000000
226910 4 3 002EC 00000000
227318 0 3 002EC 00000010
227320 0 1 000EC 00000000
227384 4 3 000EC 00000001
227426 0 1 001DD 00000000
227490 4 3 001DD 00000001
227525 0 1 001ED 00000000
227589 4 3 001ED 00000001
227641 0 2 002ED 00000000
227705 4 3 002ED 00000000
228145 0 3 002ED 00000010
228147 0 1 000ED 00000000
228211 4 3 000ED 00000001
228221 0 1 001DE 00000000
228285 4 3 001DE 00000001
228320 0 1 001EE 00000000
228384 4 3 001EE 00000001
228436 0 2 002EE 00000000
228500 4 3 002EE 00000000
228946 0 3 002DF 00000010
228948 0 1 001DF 00000000
229012 4 3 001DF 00000001
229041 0 3 002EE 00000010
229043 0 1 000EE 00000000
229107 4 3 000EE 00000001
229117 0 1 001EF 00000000
229181 4 3 001EF 00000001
229210 0 1 000EF 00000000
229274 4 3 000EF 00000001
229301 0 2 002EF 00000000
229365 4 3 002EF 00000000
229396 0 1 000F0 00000000
229460 4 3 000F0 00000001
229496 0 1 000F1 00000000
229560 4 3 000F1 00000001
229596 0 1 000F2 00000000
229660 4 3 000F2 00000001
229696 0 1 000F3 00000000
229760 4 3 000F3 00000001
229796 0 1 000F4 00000000
229860 4 3 000F4 00000001
229896 0 1 000F5 00000000
229960 4 3 000F5 00000001
229996 0 1 000F6 00000000
230060 4 3 000F6 00000001
230096 0 1 000F7 00000000
230160 4 3 000F7 00000001
230196 0 1 000F8 00000000
230260 4 3 000F8 00000001
230296 0 1 000F9 00000000
230360 4 3 000F9 00000001
230396 0 1 000FA 00000000
230460 4 3 000FA 00000001
230496 0 1 000FB 00000000
230560 4 3 000FB 00000001
230596 0 1 000FC 00000000
230660 4 3 000FC 00000001
230696 0 1 000FD 00000000
230760 4 3 000FD 00000001
230796 0 1 000FE 00000000
230860 4 3 000FE 00000001
230870 0 1 001E0 00000000
230934 4 3 001E0 00000001
230963 0 1 000FF 00000000
231027 4 3 000FF 00000001
231037 0 1 001F0 00000000
231101 4 3 001F0 00000001
231121 0 2 002F0 00000000
231185 4 3 002F0 00000000
231209 0 3 002F0 00000010
231211 0 1 000F0 00000000
231275 4 3 000F0 00000001
231733 0 1 001E1 00000000
231797 4 3 001E1 00000001
231832 0 1 001F1 00000000
231896 4 3 001F1 00000001
231916 0 2 002F1 00000000
231980 4 3 002F1 00000000
232036 0 3 002F1 00000010
232038 0 1 000F1 00000000
232102 4 3 000F1 00000001
232528 0 1 001E2 00000000
232592 4 3 001E2 00000001
232627 0 1 001F2 00000000
232691 4 3 001F2 00000001
232711 0 2 002F2 00000000
232775 4 3 002F2 00000000
232863 0 3 002F2 00000010
232865 0 1 000F2 00000000
232929 4 3 000F2 00000001
233323 0 1 001E3 00000000
233387 4 3 001E3 00000001
233422 0 1 001F3 00000000
233486 4 3 001F3 00000001
233506 0 2 002F3 00000000
233570 4 3 002F3 00000000
233690 0 3 002F3 00000010
233692 0 1 000F3 00000000
233756 4 3 000F3 00000001
234118 0 1 001E4 00000000
234182 4 3 001E4 00000001
234217 0 1 001F4 00000000
234281 4 3 001F4 00000001
234301 0 2 002F4 00000000
234365 4 3 002F4 00000000
234517 0 3 002F4 00000010
234519 0 1 000F4 00000000
234583 4 3 000F4 00000001
234913 0 1 001E5 00000000
234977 4 3 001E5 00000001
235012 0 1 001F5 00000000
235076 4 3 001F5 00000001
235096 0 2 002F5 00000000
235160 4 3 002F5 00000000
235344 0 3 002F5 00000010
235346 0 1 000F5 00000000
235410 4 3 000F5 00000001
235708 0 1 001E6 00000000
235772 4 3 001E6 00000001
235807 0 1 001F6 00000000
235871 4 3 001F6 00000001
235891 0 2 002F6 00000000
235955 4 3 002F6 00000000
236171 0 3 002F6 00000010
236173 0 1 000F6 00000000
236237 4 3 000F6 00000001
236503 0 1 001E7 00000000
236567 4 3 001E7 00000001
236602 0 1 001F7 00000000
236666 4 3 001F7 00000001
236686 0 2 002F7 00000000
236750 4 3 002F7 00000000
236998 0 3 002F7 00000010
237000 0 1 000F7 00000000
237064 4 3 000F7 00000001
237298 0 1 001E8 00000000
237362 4 3 001E8 00000001
237397 0 1 001F8 00000000
237461 4 3 001F8 00000001
237481 0 2 002F8 00000000
237545 4 3 002F8 00000000
237825 0 3 002F8 00000010
237827 0 1 000F8 00000000
237891 4 3 000F8 00000001
238093 0 1 001E9 00000000
238157 4 3 001E9 00000001
238192 0 1 001F9 00000000
238256 4 3 001F9 00000001
238276 0 2 002F9 00000000
238340 4 3 002F9 00000000
238652 0 3 002F9 00000010
238654 0 1 000F9 00000000
238718 4 3 000F9 00000001
238888 0 1 001EA 00000000
238952 4 3 001EA 00000001
238987 0 1 001FA 00000000
239051 4 3 001FA 00000001
239071 0 2 002FA 00000000
239135 4 3 002FA 00000000
239479 0 3 002FA 00000010
239481 0 1 000FA 00000000
239545 4 3 000FA 00000001
239683 0 1 001EB 00000000
239747 4 3 001EB 00000001
239782 0 1 001FB 00000000
239846 4 3 001FB 00000001
239866 0 2 002FB 00000000
239930 4 3 002FB 00000000
240306 0 3 002FB 00000010
240308 0 1 000FB 00000000
240372 4 3 000FB 00000001
240478 0 1 001EC 00000000
240542 4 3 001EC 00000001
240577 0 1 001FC 00000000
240641 4 3 001FC 00000001
240661 0 2 002FC 00000000
240725 4 3 002FC 00000000
241133 0 3 002FC 00000010
241135 0 1 000FC 00000000
241199 4 3 000FC 00000001
241273 0 1 001ED 00000000
241337 4 3 001ED 00000001
241372 0 1 001FD 00000000
241436 4 3 001FD 00000001
241456 0 2 002FD 00000000
241520 4 3 002FD 00000000
241960 0 3 002FD 00000010
241962 0 1 000FD 00000000
242026 4 3 000FD 00000001
242068 0 1 001EE 00000000
242132 4 3 001EE 00000001
242167 0 1 001FE 00000000
242231 4 3 001FE 00000001
242251 0 2 002FE 00000000
242315 4 3 002FE 00000000
242787 0 3 002FE 00000010
242789 0 1 000FE 00000000
242853 4 3 000FE 00000001
242863 0 3 002EF 00000010
242865 0 1 001EF 00000000
242929 4 3 001EF 00000001
242964 0 1 001FF 00000000
243028 4 3 001FF 00000001
243048 0 2 002FF 00000000
243112 4 3 002FF 00000000
